x,y,2006,2011,2018,CNTR_ID
0,2,10,0,12,EL
0,7,0,0,3,EL
0,12,0,0,11,EL
0,13,62,11,251,EL
0,14,145,0,311,EL
0,15,46,0,172,EL
0,16,13,0,4,EL
0,17,0,0,19,EL
0,18,0,0,2,EL
0,19,0,0,5,EL
0,20,0,0,3,EL
0,23,0,0,43,EL
0,24,17,0,75,EL
0,25,18,0,0,EL
0,30,0,1,10,EL
0,31,0,0,3,EL
0,32,0,0,1,EL
0,39,0,0,8,EL
0,40,51,90,62,EL
0,41,0,0,2,EL
0,63,0,0,12,EL
0,64,0,0,5,EL
0,65,0,0,14,EL
0,67,0,0,1,EL
0,72,0,0,5,EL
0,73,0,0,3,EL
0,74,27,0,10,EL
0,82,0,0,12,EL
0,83,39,321,301,EL
0,84,65,63,23,EL
0,87,0,0,2,EL
0,90,0,0,1,EL
0,91,0,0,2,EL
0,95,0,68,52,EL
0,96,45,81,103,EL
0,98,0,0,1,EL
0,99,0,0,4,EL
0,101,0,0,17,EL
0,106,284,596,541,EL
0,107,226,190,150,EL
0,109,0,0,4,EL
0,110,116,7,12,EL
0,111,49,0,0,EL
0,115,0,25,43,EL
0,116,8,0,19,EL
0,126,0,0,6,EL
0,127,0,0,15,EL
1,0,154,359,357,EL
1,1,87,74,41,EL
1,2,0,0,1,EL
1,8,603,563,471,EL
1,9,46,0,9,EL
1,10,0,0,2,EL
1,12,0,0,2,EL
1,13,71,21,155,EL
1,14,1,0,18,EL
1,15,0,0,25,EL
1,17,0,0,46,EL
1,20,0,0,1,EL
1,21,0,0,1,EL
1,22,0,0,11,EL
1,23,0,57,31,EL
1,26,0,0,2,EL
1,29,0,0,9,EL
1,30,0,0,10,EL
1,37,0,0,3,EL
1,40,102,4,4,EL
1,63,0,0,12,EL
1,67,0,0,12,EL
1,68,0,0,3,EL
1,74,311,332,227,EL
1,75,19,11,1,EL
1,77,34,109,130,EL
1,82,0,0,7,EL
1,83,194,62,60,EL
1,84,110,0,7,EL
1,87,0,0,3,EL
1,88,0,0,7,EL
1,90,0,16,8,EL
1,91,17,16,10,EL
1,95,84,27,37,EL
1,96,364,73,41,EL
1,97,19,0,8,EL
1,99,0,0,18,EL
1,100,19,0,121,EL
1,101,19,0,1,EL
1,105,0,0,1,EL
1,106,53,130,127,EL
1,107,711,347,358,EL
1,110,43,176,80,EL
1,111,65,37,28,EL
1,112,162,0,229,EL
1,115,90,295,200,EL
1,116,438,327,313,EL
1,117,0,0,40,EL
1,118,0,0,2,EL
1,119,0,0,19,EL
1,127,0,0,2,EL
2,0,160,39,20,EL
2,1,98,0,1,EL
2,3,0,0,30,EL
2,6,0,0,23,EL
2,7,0,0,4,EL
2,8,253,0,0,EL
2,9,26,0,12,EL
2,10,148,109,64,EL
2,11,0,0,43,EL
2,12,14,0,64,EL
2,14,0,0,5,EL
2,15,0,0,4,EL
2,16,50,0,76,EL
2,18,0,0,11,EL
2,21,0,13,16,EL
2,22,379,495,495,EL
2,23,387,79,80,EL
2,29,0,0,2,EL
2,30,0,0,3,EL
2,32,0,0,20,EL
2,33,0,0,17,EL
2,34,0,0,11,EL
2,35,0,0,7,EL
2,36,0,0,13,EL
2,63,0,0,5,EL
2,65,0,0,56,EL
2,66,0,0,60,EL
2,67,0,0,12,EL
2,68,0,0,3,EL
2,69,0,0,3,EL
2,70,0,0,2,EL
2,74,500,102,65,EL
2,75,196,0,0,EL
2,77,535,215,197,EL
2,78,0,0,21,EL
2,79,0,0,13,EL
2,82,0,0,7,EL
2,83,0,0,15,EL
2,84,0,0,2,EL
2,85,0,0,3,EL
2,86,36,232,228,EL
2,87,24,61,45,EL
2,91,56,269,266,EL
2,92,182,119,108,EL
2,97,0,0,21,EL
2,98,231,423,344,EL
2,99,0,0,18,EL
2,100,0,0,10,EL
2,101,0,0,3,EL
2,102,23,0,3,EL
2,103,0,0,3,EL
2,105,0,0,4,EL
2,106,0,0,11,EL
2,107,191,260,224,EL
2,110,0,46,7,EL
2,111,155,346,99,EL
2,112,270,396,480,EL
2,113,96,23,8,EL
2,115,106,344,284,EL
2,116,683,448,384,EL
2,117,0,0,10,EL
2,118,9,106,141,EL
2,119,384,287,271,EL
2,126,0,0,2,EL
2,127,0,0,10,EL
3,2,0,0,1,EL
3,3,0,0,31,EL
3,6,0,0,5,EL
3,9,0,13,16,EL
3,10,50,293,160,EL
3,11,27,0,104,EL
3,12,44,0,13,EL
3,14,0,0,2,EL
3,15,0,0,14,EL
3,16,44,174,154,EL
3,17,99,100,146,EL
3,18,0,0,34,EL
3,19,0,0,9,EL
3,20,0,0,6,EL
3,21,0,11,5,EL
3,22,62,0,6,EL
3,26,0,0,5,EL
3,27,0,0,2,EL
3,29,0,0,7,EL
3,30,0,0,4,EL
3,33,0,0,2,EL
3,34,0,0,4,EL
3,35,0,0,5,EL
3,41,0,0,3,EL
3,42,0,0,31,EL
3,43,434,488,405,EL
3,44,0,0,3,EL
3,63,0,0,5,EL
3,64,0,0,14,EL
3,65,0,0,19,EL
3,66,736,1516,1119,EL
3,67,559,297,380,EL
3,68,260,405,419,EL
3,69,0,0,39,EL
3,70,0,0,38,EL
3,74,209,0,119,EL
3,75,169,0,1,EL
3,76,0,0,1,EL
3,77,69,0,147,EL
3,78,46,0,16,EL
3,79,0,0,6,EL
3,80,0,0,11,EL
3,81,0,0,2,EL
3,82,0,0,22,EL
3,85,0,0,11,EL
3,86,606,229,150,EL
3,87,109,0,13,EL
3,91,0,56,68,EL
3,92,96,0,2,EL
3,95,0,0,21,EL
3,96,0,0,26,EL
3,97,0,0,36,EL
3,98,1254,1739,1159,EL
3,99,742,440,226,EL
3,100,0,0,10,EL
3,101,46,0,12,EL
3,102,19,0,78,EL
3,103,0,0,1,EL
3,104,0,0,5,EL
3,105,0,0,1,EL
3,106,0,7,3,EL
3,107,400,109,78,EL
3,108,0,0,3,EL
3,110,0,0,1,EL
3,111,4,0,1,EL
3,112,597,389,453,EL
3,113,403,156,216,EL
3,115,2,13,4,EL
3,116,259,86,154,EL
3,117,0,18,8,EL
3,118,10,14,44,EL
3,119,15,0,11,EL
3,121,0,0,7,EL
3,123,5,142,121,EL
3,124,358,184,138,EL
3,125,15,0,48,EL
3,127,0,0,3,EL
4,2,14,0,6,EL
4,3,5,0,17,EL
4,4,11,0,20,EL
4,5,0,0,3,EL
4,6,0,0,24,EL
4,9,0,45,58,EL
4,10,751,269,172,EL
4,11,0,0,41,EL
4,14,0,0,2,EL
4,15,147,216,113,EL
4,16,442,952,1077,EL
4,17,1294,790,831,EL
4,18,0,0,21,EL
4,20,0,0,8,EL
4,21,0,0,7,EL
4,22,340,513,417,EL
4,23,121,0,37,EL
4,24,0,0,8,EL
4,25,0,0,16,EL
4,26,0,0,7,EL
4,27,0,0,11,EL
4,30,0,0,1,EL
4,31,0,0,8,EL
4,33,0,0,1,EL
4,34,0,0,3,EL
4,35,0,0,2,EL
4,36,0,0,6,EL
4,42,0,0,12,EL
4,43,158,54,14,EL
4,44,0,0,18,EL
4,45,0,0,1,EL
4,60,0,0,3,EL
4,64,0,0,17,EL
4,65,0,0,15,EL
4,66,582,129,142,EL
4,67,241,0,24,EL
4,68,1293,1013,801,EL
4,69,23,0,40,EL
4,70,0,96,155,EL
4,71,0,2,22,EL
4,74,28,113,140,EL
4,75,886,456,564,EL
4,76,70,69,48,EL
4,77,924,398,927,EL
4,78,0,0,27,EL
4,79,97,37,157,EL
4,80,588,853,482,EL
4,81,0,0,10,EL
4,84,0,0,20,EL
4,85,0,0,20,EL
4,87,0,0,3,EL
4,92,0,0,3,EL
4,94,0,0,1,EL
4,96,0,0,1,EL
4,97,0,0,15,EL
4,98,33,0,38,EL
4,99,334,171,260,EL
4,100,0,0,83,EL
4,101,13,0,15,EL
4,102,464,210,322,EL
4,103,0,0,1,EL
4,106,27,0,45,EL
4,107,0,71,67,EL
4,108,315,210,271,EL
4,109,73,119,134,EL
4,110,62,18,36,EL
4,112,27,0,40,EL
4,113,2,0,73,EL
4,115,0,0,7,EL
4,116,152,235,299,EL
4,117,595,1162,960,EL
4,118,15,29,28,EL
4,119,26,0,42,EL
4,120,0,0,54,EL
4,121,490,580,656,EL
4,122,0,0,14,EL
4,123,84,113,138,EL
4,124,1480,862,771,EL
4,125,43,0,22,EL
4,127,0,0,2,EL
5,0,0,0,3,EL
5,1,0,0,1,EL
5,2,132,328,244,EL
5,3,171,262,118,EL
5,4,69,0,3,EL
5,5,0,0,3,EL
5,10,83,0,47,EL
5,11,18,0,28,EL
5,13,0,0,9,EL
5,14,2,4,100,EL
5,15,25,87,101,EL
5,16,1019,1433,1325,EL
5,17,1974,1450,1288,EL
5,18,181,371,315,EL
5,19,0,0,16,EL
5,20,0,0,5,EL
5,22,71,95,75,EL
5,23,115,124,89,EL
5,25,0,0,19,EL
5,34,0,0,1,EL
5,36,0,0,4,EL
5,37,0,0,2,EL
5,38,0,0,1,EL
5,42,0,0,16,EL
5,43,0,0,8,EL
5,55,0,0,2,EL
5,62,0,0,12,EL
5,64,0,0,77,EL
5,65,0,0,141,EL
5,66,0,0,14,EL
5,67,0,0,33,EL
5,68,18,0,4,EL
5,69,0,0,6,EL
5,70,1029,902,809,EL
5,71,798,449,363,EL
5,73,0,0,5,EL
5,74,0,0,76,EL
5,75,2091,1298,1160,EL
5,76,406,158,223,EL
5,77,561,66,578,EL
5,78,69,0,393,EL
5,79,58,0,22,EL
5,80,36,0,6,EL
5,82,0,0,9,EL
5,83,0,0,5,EL
5,84,0,0,7,EL
5,85,20,0,27,EL
5,92,0,0,7,EL
5,95,0,0,8,EL
5,97,0,0,7,EL
5,98,0,0,31,EL
5,99,0,0,18,EL
5,100,0,0,4,EL
5,101,0,0,2,EL
5,102,0,0,3,EL
5,103,0,0,40,EL
5,104,0,0,8,EL
5,105,0,175,170,EL
5,108,0,0,5,EL
5,109,22,0,6,EL
5,110,29,0,0,EL
5,113,0,0,1,EL
5,115,0,0,2,EL
5,116,44,81,98,EL
5,117,754,423,328,EL
5,118,152,0,23,EL
5,119,0,0,8,EL
5,120,22,0,152,EL
5,121,648,209,154,EL
5,122,13,0,8,EL
5,124,137,5,11,EL
5,125,13,0,0,EL
5,127,0,0,8,EL
6,1,200,0,8,EL
6,2,2045,795,873,EL
6,3,2364,473,350,EL
6,4,367,26,65,EL
6,6,0,0,59,EL
6,8,0,0,5,EL
6,9,54,0,20,EL
6,10,187,0,16,EL
6,11,6,0,5,EL
6,12,16,0,42,EL
6,13,44,0,25,EL
6,14,29,0,1,EL
6,15,7,0,16,EL
6,16,345,557,496,EL
6,17,506,342,224,EL
6,18,565,139,112,EL
6,19,21,0,33,EL
6,24,0,0,1,EL
6,25,0,0,2,EL
6,29,0,0,9,EL
6,38,0,0,1,EL
6,43,0,0,14,EL
6,63,0,0,21,EL
6,64,0,0,13,EL
6,65,0,0,38,EL
6,66,0,0,46,EL
6,67,0,0,23,EL
6,68,0,0,23,EL
6,69,0,0,9,EL
6,70,49,9,32,EL
6,71,646,173,154,EL
6,73,0,0,23,EL
6,74,0,0,76,EL
6,75,154,331,976,EL
6,76,1794,1333,2019,EL
6,77,149,34,1144,EL
6,78,232,0,317,EL
6,79,9,0,16,EL
6,80,36,188,106,EL
6,81,725,405,373,EL
6,82,117,0,8,EL
6,84,0,0,21,EL
6,85,69,0,45,EL
6,89,0,31,31,EL
6,90,0,0,15,EL
6,92,0,0,6,EL
6,93,0,0,2,EL
6,97,0,0,12,EL
6,98,0,0,3,EL
6,99,0,0,27,EL
6,101,0,5,4,EL
6,102,0,4,26,EL
6,103,0,8,61,EL
6,104,29,0,9,EL
6,105,131,17,32,EL
6,106,0,0,5,EL
6,107,0,0,2,EL
6,108,0,0,1,EL
6,109,0,36,19,EL
6,112,35,146,161,EL
6,113,11,19,38,EL
6,114,0,0,17,EL
6,116,0,0,9,EL
6,117,0,0,7,EL
6,119,0,1,70,EL
6,120,0,0,4,EL
6,123,0,0,7,EL
6,124,0,0,26,EL
6,125,0,0,1,EL
6,127,0,0,6,EL
7,0,0,0,9,EL
7,2,68,0,0,EL
7,3,186,0,33,EL
7,4,239,0,135,EL
7,6,81,0,64,EL
7,8,29,24,70,EL
7,9,506,0,144,EL
7,10,7,0,48,EL
7,11,178,0,130,EL
7,12,74,0,7,EL
7,13,59,31,24,EL
7,14,33,77,98,EL
7,15,0,0,8,EL
7,16,29,0,7,EL
7,17,19,0,14,EL
7,18,0,0,14,EL
7,20,0,0,5,EL
7,22,0,0,11,EL
7,26,0,0,1,EL
7,28,0,0,2,EL
7,31,0,0,2,EL
7,37,0,0,1,EL
7,39,0,0,1,EL
7,44,0,0,5,EL
7,45,0,0,5,EL
7,58,0,0,3,EL
7,64,0,82,144,EL
7,65,0,38,57,EL
7,66,131,729,591,EL
7,67,246,274,353,EL
7,68,0,0,8,EL
7,69,0,0,2,EL
7,70,0,0,4,EL
7,71,0,0,35,EL
7,72,0,0,16,EL
7,73,0,0,9,EL
7,74,0,0,78,EL
7,75,1134,3659,3050,EL
7,76,4955,5351,5204,EL
7,77,1137,1241,1835,EL
7,78,331,9,101,EL
7,79,154,176,150,EL
7,80,979,473,239,EL
7,81,421,0,7,EL
7,82,39,0,18,EL
7,84,0,0,17,EL
7,85,0,0,8,EL
7,88,99,245,170,EL
7,89,160,29,36,EL
7,90,0,0,38,EL
7,92,0,0,15,EL
7,98,0,30,53,EL
7,99,3,0,21,EL
7,100,0,53,64,EL
7,101,640,1625,1120,EL
7,102,611,1198,1004,EL
7,103,451,254,257,EL
7,104,7,0,7,EL
7,105,0,0,4,EL
7,108,157,185,104,EL
7,109,661,409,261,EL
7,110,0,0,5,EL
7,111,5,0,62,EL
7,112,579,909,853,EL
7,113,710,294,293,EL
7,114,4,0,0,EL
7,115,0,0,4,EL
7,119,0,0,2,EL
7,124,0,0,5,EL
7,125,26,0,93,EL
7,126,64,0,65,EL
7,127,0,0,22,EL
8,1,0,0,5,EL
8,2,0,0,68,EL
8,3,0,0,19,EL
8,4,66,126,280,EL
8,5,3,0,88,EL
8,6,513,0,43,EL
8,7,16,0,118,EL
8,8,517,2014,2070,EL
8,9,615,274,437,EL
8,10,116,1,53,EL
8,11,42,0,25,EL
8,12,0,19,41,EL
8,13,243,629,580,EL
8,14,2215,2303,2104,EL
8,15,888,378,373,EL
8,16,0,0,8,EL
8,18,0,0,4,EL
8,20,0,0,4,EL
8,21,0,25,41,EL
8,35,7,0,5,EL
8,37,0,0,16,EL
8,38,0,0,4,EL
8,39,0,0,1,EL
8,40,0,0,2,EL
8,42,0,0,6,EL
8,58,0,0,6,EL
8,64,16,328,334,EL
8,65,1123,725,779,EL
8,66,589,840,549,EL
8,67,700,149,117,EL
8,68,0,0,15,EL
8,69,0,0,4,EL
8,70,0,0,11,EL
8,71,423,758,574,EL
8,72,496,389,219,EL
8,73,0,0,25,EL
8,74,4,40,783,EL
8,75,5119,6481,5375,EL
8,76,7511,15716,7163,EL
8,77,3902,2865,3160,EL
8,78,338,55,317,EL
8,79,111,0,81,EL
8,80,0,0,11,EL
8,81,16,0,8,EL
8,82,0,0,13,EL
8,83,0,165,137,EL
8,84,0,0,16,EL
8,87,0,0,1,EL
8,88,155,31,68,EL
8,89,1,0,0,EL
8,90,212,197,194,EL
8,92,0,56,52,EL
8,93,5,0,0,EL
8,95,0,0,2,EL
8,97,4,50,56,EL
8,98,729,443,402,EL
8,99,14,0,0,EL
8,100,0,20,16,EL
8,101,1510,981,818,EL
8,102,527,0,150,EL
8,103,0,0,22,EL
8,108,50,0,35,EL
8,109,142,0,143,EL
8,112,131,32,30,EL
8,113,175,0,16,EL
8,115,0,0,4,EL
8,121,0,0,4,EL
8,122,0,0,2,EL
8,123,0,0,13,EL
8,124,0,0,20,EL
8,126,30,0,34,EL
8,127,418,1434,1038,EL
9,0,276,0,257,EL
9,1,443,0,165,EL
9,2,124,0,221,EL
9,3,232,1923,2502,EL
9,4,4545,9007,8850,EL
9,5,1841,764,1193,EL
9,6,405,0,199,EL
9,7,127,716,294,EL
9,8,2788,3197,3590,EL
9,9,1120,398,642,EL
9,10,260,3,198,EL
9,11,184,0,115,EL
9,12,109,16,105,EL
9,13,202,0,60,EL
9,14,319,53,60,EL
9,15,233,0,36,EL
9,16,7,0,13,EL
9,17,0,0,8,EL
9,20,0,0,7,EL
9,21,0,0,3,EL
9,22,0,0,18,EL
9,23,0,0,9,EL
9,30,0,31,31,EL
9,37,0,0,13,EL
9,38,0,0,11,EL
9,41,0,10,22,EL
9,42,247,260,201,EL
9,46,0,0,6,EL
9,50,0,0,1,EL
9,58,0,0,3,EL
9,59,0,25,11,EL
9,60,0,0,9,EL
9,61,0,0,10,EL
9,62,1,0,9,EL
9,63,0,0,57,EL
9,64,0,239,130,EL
9,65,135,10,38,EL
9,66,0,0,8,EL
9,67,0,0,6,EL
9,68,0,0,34,EL
9,69,0,0,1,EL
9,70,0,0,14,EL
9,71,878,396,394,EL
9,72,0,0,22,EL
9,73,93,39,14,EL
9,74,135,324,641,EL
9,75,3549,3647,3555,EL
9,76,7442,9010,6042,EL
9,77,1446,926,1346,EL
9,78,404,78,206,EL
9,79,22,0,25,EL
9,80,0,35,44,EL
9,81,0,0,17,EL
9,82,279,431,142,EL
9,83,731,258,227,EL
9,84,81,0,0,EL
9,87,0,0,10,EL
9,88,0,0,14,EL
9,89,0,43,24,EL
9,90,243,289,257,EL
9,91,0,51,36,EL
9,92,398,478,456,EL
9,93,52,0,0,EL
9,94,0,0,2,EL
9,96,0,0,1,EL
9,98,8,0,18,EL
9,99,1,0,67,EL
9,100,2,4,122,EL
9,101,6,0,52,EL
9,102,0,0,34,EL
9,103,0,0,5,EL
9,104,0,0,35,EL
9,105,0,0,20,EL
9,108,4,0,3,EL
9,109,22,0,15,EL
9,111,0,0,1,EL
9,113,0,0,1,EL
9,119,0,0,3,EL
9,120,0,0,7,EL
9,121,327,838,607,EL
9,123,0,0,8,EL
9,124,108,340,324,EL
9,125,2,11,16,EL
9,127,195,260,222,EL
10,0,13,0,159,EL
10,1,262,0,382,EL
10,2,151,0,316,EL
10,3,1846,3171,3563,EL
10,4,6975,2488,3126,EL
10,5,4476,11842,6701,EL
10,6,4491,6031,5203,EL
10,7,1058,1509,699,EL
10,8,247,0,61,EL
10,9,53,18,43,EL
10,10,30,0,10,EL
10,11,209,577,443,EL
10,12,131,39,11,EL
10,14,0,0,8,EL
10,16,2,0,0,EL
10,17,0,0,59,EL
10,18,3,0,5,EL
10,23,0,0,9,EL
10,24,0,0,10,EL
10,25,0,0,6,EL
10,28,0,0,1,EL
10,29,0,0,5,EL
10,30,0,43,36,EL
10,33,0,0,2,EL
10,34,0,0,18,EL
10,35,0,0,32,EL
10,36,0,0,18,EL
10,37,0,0,9,EL
10,38,0,0,2,EL
10,41,0,0,1,EL
10,42,280,47,15,EL
10,43,11,0,1,EL
10,55,0,0,3,EL
10,56,0,13,13,EL
10,57,483,1955,883,EL
10,58,209,41,42,EL
10,62,0,0,1,EL
10,63,0,0,9,EL
10,65,0,0,1,EL
10,67,0,0,8,EL
10,68,0,0,24,EL
10,69,0,0,13,EL
10,70,0,0,23,EL
10,71,8,0,46,EL
10,72,0,0,25,EL
10,73,69,0,238,EL
10,74,55,0,336,EL
10,75,634,628,994,EL
10,76,3269,2887,4036,EL
10,77,524,165,475,EL
10,78,320,0,235,EL
10,79,313,0,102,EL
10,80,122,189,385,EL
10,81,5,30,107,EL
10,82,340,172,75,EL
10,84,0,0,4,EL
10,85,0,19,138,EL
10,86,623,634,413,EL
10,87,73,0,7,EL
10,89,16,53,43,EL
10,90,205,60,77,EL
10,91,84,185,119,EL
10,92,282,153,223,EL
10,95,0,0,8,EL
10,96,0,0,4,EL
10,98,0,0,15,EL
10,99,0,0,80,EL
10,100,10,0,108,EL
10,101,0,0,4,EL
10,102,0,0,3,EL
10,103,8,0,2,EL
10,104,10,0,11,EL
10,105,0,0,3,EL
10,108,0,0,4,EL
10,109,346,697,644,EL
10,110,413,296,303,EL
10,119,0,0,50,EL
10,120,0,0,16,EL
10,121,1528,1186,1144,EL
10,122,269,55,67,EL
10,124,220,126,100,EL
10,125,143,25,20,EL
11,0,0,0,78,EL
11,1,0,0,100,EL
11,2,94,359,1532,EL
11,3,6895,4550,6896,EL
11,4,5275,8912,8598,EL
11,5,8399,22127,12599,EL
11,6,6613,7527,7096,EL
11,7,2211,520,512,EL
11,8,102,38,26,EL
11,9,152,0,17,EL
11,10,19,0,0,EL
11,11,157,8,1,EL
11,12,78,0,0,EL
11,13,0,0,10,EL
11,14,0,0,13,EL
11,17,16,0,1,EL
11,18,166,74,102,EL
11,19,31,0,6,EL
11,25,0,0,1,EL
11,26,0,0,6,EL
11,27,0,0,3,EL
11,29,2,0,4,EL
11,30,0,0,2,EL
11,32,0,0,2,EL
11,33,0,0,6,EL
11,35,0,0,36,EL
11,38,0,0,1,EL
11,46,30,0,0,EL
11,54,0,0,1,EL
11,55,0,0,15,EL
11,56,0,0,49,EL
11,57,1723,2403,1235,EL
11,58,2571,1652,930,EL
11,59,9,0,29,EL
11,61,0,0,5,EL
11,62,18,0,85,EL
11,67,0,0,11,EL
11,68,0,0,4,EL
11,69,0,0,14,EL
11,70,0,0,2,EL
11,71,0,0,29,EL
11,72,0,0,172,EL
11,73,72,0,707,EL
11,74,72,3,630,EL
11,75,98,152,413,EL
11,76,1046,830,898,EL
11,77,1452,1771,1233,EL
11,78,30,15,79,EL
11,79,8,0,26,EL
11,80,321,194,387,EL
11,81,865,55,215,EL
11,82,0,0,5,EL
11,83,0,0,38,EL
11,84,0,0,16,EL
11,85,8,0,35,EL
11,86,20,0,2,EL
11,87,0,0,1,EL
11,88,0,0,6,EL
11,89,0,0,7,EL
11,91,0,0,1,EL
11,92,0,0,26,EL
11,94,0,0,11,EL
11,95,482,412,415,EL
11,96,20,21,47,EL
11,97,0,63,199,EL
11,98,30,115,191,EL
11,99,0,0,1,EL
11,102,0,0,2,EL
11,107,0,0,1,EL
11,108,11,0,2,EL
11,109,454,161,153,EL
11,110,368,79,49,EL
11,111,0,0,11,EL
11,119,0,0,27,EL
11,120,0,0,64,EL
11,121,107,0,71,EL
11,122,0,0,12,EL
11,126,0,7,16,EL
11,127,0,21,25,EL
12,1,14,0,136,EL
12,2,1777,1869,4064,EL
12,3,4581,3176,4649,EL
12,4,6685,6861,8040,EL
12,5,8752,16500,10035,EL
12,6,6993,13824,9058,EL
12,7,3203,4604,5894,EL
12,8,683,31,476,EL
12,9,16,0,24,EL
12,11,0,0,8,EL
12,12,107,0,3,EL
12,13,1735,250,1524,EL
12,16,8,0,1,EL
12,17,0,0,1,EL
12,18,0,0,3,EL
12,19,10,0,4,EL
12,27,36,217,108,EL
12,29,0,1,15,EL
12,30,55,648,524,EL
12,31,473,681,650,EL
12,32,0,4,16,EL
12,49,0,0,4,EL
12,50,0,0,5,EL
12,53,0,0,6,EL
12,54,0,0,8,EL
12,56,0,0,16,EL
12,57,51,48,85,EL
12,58,769,63,223,EL
12,59,5,0,25,EL
12,60,0,0,30,EL
12,62,31,0,45,EL
12,63,20,0,45,EL
12,66,0,0,1,EL
12,67,0,0,3,EL
12,68,0,0,19,EL
12,69,0,0,3,EL
12,70,0,0,136,EL
12,71,0,0,52,EL
12,72,39,0,181,EL
12,73,8,0,103,EL
12,74,0,0,105,EL
12,75,10,29,241,EL
12,76,22,159,90,EL
12,77,389,92,286,EL
12,78,0,25,55,EL
12,79,14,0,104,EL
12,80,0,0,1,EL
12,81,0,0,22,EL
12,82,0,0,56,EL
12,83,12,0,69,EL
12,84,0,0,15,EL
12,85,0,0,37,EL
12,87,0,18,11,EL
12,88,739,727,566,EL
12,89,2,0,4,EL
12,92,0,0,8,EL
12,93,0,0,32,EL
12,94,0,0,2,EL
12,95,242,22,18,EL
12,96,389,469,356,EL
12,97,174,160,97,EL
12,98,172,0,5,EL
12,102,0,0,2,EL
12,107,0,0,7,EL
12,109,16,0,0,EL
12,110,15,0,4,EL
12,120,23,15,52,EL
12,121,0,30,15,EL
12,123,5,0,0,EL
12,126,1,47,43,EL
12,127,363,110,104,EL
13,1,249,111,486,EL
13,2,5427,2222,6018,EL
13,3,5583,1081,2004,EL
13,4,4476,1018,2760,EL
13,5,5449,5000,8100,EL
13,6,4206,1369,2022,EL
13,7,2931,332,396,EL
13,8,778,41,177,EL
13,9,77,0,106,EL
13,10,0,0,84,EL
13,11,11,0,59,EL
13,12,55,0,6,EL
13,13,132,0,120,EL
13,14,0,0,46,EL
13,17,14,0,0,EL
13,18,23,0,2,EL
13,19,2,0,5,EL
13,20,0,0,5,EL
13,21,0,0,2,EL
13,22,0,0,7,EL
13,24,0,0,1,EL
13,27,45,28,24,EL
13,29,0,0,71,EL
13,30,505,364,283,EL
13,31,868,211,196,EL
13,33,0,0,2,EL
13,50,0,0,12,EL
13,51,0,0,39,EL
13,52,0,0,5,EL
13,53,0,0,26,EL
13,54,0,0,20,EL
13,57,0,0,35,EL
13,58,4,0,135,EL
13,59,0,0,65,EL
13,60,0,0,13,EL
13,61,0,0,31,EL
13,62,0,0,43,EL
13,63,50,9,162,EL
13,64,5,0,23,EL
13,65,0,0,16,EL
13,66,0,0,13,EL
13,67,0,0,17,EL
13,68,6,0,95,EL
13,69,0,0,13,EL
13,70,0,0,8,EL
13,72,0,0,8,EL
13,73,0,0,65,EL
13,74,159,0,179,EL
13,75,132,0,101,EL
13,76,17,18,58,EL
13,77,96,74,341,EL
13,78,8,0,16,EL
13,79,5,0,37,EL
13,80,1,0,0,EL
13,81,20,197,103,EL
13,82,158,172,475,EL
13,83,149,0,214,EL
13,84,4,0,116,EL
13,85,0,0,3,EL
13,86,0,0,3,EL
13,87,0,8,19,EL
13,88,528,406,351,EL
13,89,10,0,9,EL
13,90,0,0,4,EL
13,92,0,7,14,EL
13,93,60,235,264,EL
13,94,7,4,4,EL
13,95,0,0,4,EL
13,96,316,143,60,EL
13,97,178,16,2,EL
13,110,8,0,0,EL
13,111,12,0,1,EL
13,112,0,0,14,EL
13,119,0,0,3,EL
13,120,132,294,280,EL
13,121,389,218,193,EL
13,127,0,0,6,EL
14,0,0,0,22,EL
14,1,94,0,84,EL
14,2,962,20,582,EL
14,3,418,0,32,EL
14,4,0,90,394,EL
14,5,5397,2015,4963,EL
14,6,68,0,0,EL
14,7,0,0,8,EL
14,8,0,0,19,EL
14,9,35,0,27,EL
14,10,22,0,26,EL
14,11,0,0,56,EL
14,12,27,0,62,EL
14,13,145,0,84,EL
14,14,112,0,28,EL
14,15,244,0,90,EL
14,16,134,0,35,EL
14,17,72,0,31,EL
14,18,40,0,109,EL
14,19,35,0,41,EL
14,20,31,0,36,EL
14,21,0,0,13,EL
14,22,0,0,10,EL
14,23,0,6,2,EL
14,24,0,235,111,EL
14,25,45,387,188,EL
14,26,0,0,1,EL
14,27,0,0,66,EL
14,29,0,0,29,EL
14,30,0,0,18,EL
14,49,55,0,0,EL
14,50,0,0,37,EL
14,51,0,0,57,EL
14,52,0,0,33,EL
14,53,0,0,84,EL
14,54,0,0,52,EL
14,55,0,0,99,EL
14,57,0,0,50,EL
14,58,0,0,70,EL
14,59,0,0,103,EL
14,60,0,0,208,EL
14,61,39,0,365,EL
14,62,11,0,7,EL
14,63,12,0,42,EL
14,64,1,0,65,EL
14,65,1,0,16,EL
14,66,0,0,46,EL
14,67,134,38,172,EL
14,68,118,0,80,EL
14,69,0,0,10,EL
14,70,0,0,3,EL
14,71,0,0,33,EL
14,72,0,0,93,EL
14,73,0,0,16,EL
14,74,118,0,133,EL
14,75,0,0,18,EL
14,76,0,20,41,EL
14,77,1358,2465,1959,EL
14,78,597,52,124,EL
14,79,0,0,53,EL
14,81,0,174,82,EL
14,82,2002,2223,1398,EL
14,83,198,6,140,EL
14,84,73,0,57,EL
14,85,0,0,1,EL
14,86,0,0,13,EL
14,87,41,0,26,EL
14,88,245,11,16,EL
14,89,0,0,15,EL
14,90,0,0,8,EL
14,91,0,0,2,EL
14,92,0,35,53,EL
14,93,1185,1191,1110,EL
14,94,146,199,46,EL
14,95,0,0,4,EL
14,96,0,0,1,EL
14,110,0,0,6,EL
14,111,8,0,0,EL
14,112,20,0,0,EL
14,113,0,0,28,EL
14,119,0,0,2,EL
14,120,1,0,10,EL
14,121,8,0,0,EL
15,0,31,0,47,EL
15,1,43,0,44,EL
15,2,26,0,18,EL
15,4,52,0,231,EL
15,5,2809,188,206,EL
15,7,1,0,10,EL
15,8,0,0,2,EL
15,9,8,0,0,EL
15,10,64,404,280,EL
15,11,88,0,77,EL
15,12,25,0,41,EL
15,13,0,0,26,EL
15,14,12,0,29,EL
15,15,10,0,26,EL
15,16,8,0,33,EL
15,17,120,0,149,EL
15,18,80,0,97,EL
15,19,35,0,23,EL
15,20,6,0,97,EL
15,21,27,0,84,EL
15,22,20,0,35,EL
15,23,2,0,31,EL
15,24,648,621,475,EL
15,25,970,366,215,EL
15,26,0,0,29,EL
15,27,0,0,1,EL
15,28,0,0,40,EL
15,29,0,0,3,EL
15,31,0,0,2,EL
15,46,0,0,2,EL
15,47,0,0,1,EL
15,49,23,0,0,EL
15,50,0,0,18,EL
15,51,0,0,46,EL
15,52,1,19,95,EL
15,53,0,7,52,EL
15,54,0,77,83,EL
15,55,0,4,144,EL
15,56,0,0,25,EL
15,57,18,0,69,EL
15,58,31,0,135,EL
15,59,26,0,107,EL
15,60,15,0,33,EL
15,67,0,0,13,EL
15,68,0,0,16,EL
15,69,0,0,5,EL
15,70,0,0,9,EL
15,71,0,0,45,EL
15,72,0,0,50,EL
15,73,24,145,1002,EL
15,74,409,153,740,EL
15,75,0,0,45,EL
15,76,0,14,47,EL
15,77,769,448,352,EL
15,78,315,45,145,EL
15,79,0,0,29,EL
15,80,0,0,3,EL
15,81,0,10,20,EL
15,82,1291,679,489,EL
15,83,75,0,23,EL
15,84,0,0,18,EL
15,85,0,0,8,EL
15,86,0,0,7,EL
15,88,0,0,4,EL
15,89,0,0,14,EL
15,90,0,0,6,EL
15,91,0,25,53,EL
15,92,0,27,59,EL
15,93,213,0,43,EL
15,112,4,0,0,EL
15,113,4,0,8,EL
15,116,0,0,3,EL
15,118,0,0,4,EL
15,123,0,0,1,EL
15,124,5,0,4,EL
15,127,0,54,21,EL
16,0,0,0,3,EL
16,1,63,0,22,EL
16,2,0,0,12,EL
16,4,25,0,0,EL
16,5,42,0,51,EL
16,6,3,0,0,EL
16,7,1,0,1,EL
16,8,0,0,2,EL
16,9,0,0,8,EL
16,10,310,282,143,EL
16,11,252,57,7,EL
16,12,3,0,11,EL
16,13,116,0,36,EL
16,14,18,0,1,EL
16,15,7,33,113,EL
16,16,0,0,21,EL
16,20,0,0,9,EL
16,21,0,0,17,EL
16,23,0,0,1,EL
16,24,64,0,11,EL
16,25,53,0,8,EL
16,26,0,0,38,EL
16,27,0,0,30,EL
16,28,52,127,61,EL
16,29,1,0,8,EL
16,30,0,0,9,EL
16,31,37,143,131,EL
16,32,78,19,4,EL
16,47,0,0,1,EL
16,48,20,295,145,EL
16,49,99,170,108,EL
16,50,0,0,8,EL
16,51,0,0,39,EL
16,52,153,77,101,EL
16,53,316,1445,767,EL
16,54,786,1402,702,EL
16,55,54,14,312,EL
16,56,21,0,167,EL
16,57,2,64,182,EL
16,58,0,128,149,EL
16,59,0,0,1,EL
16,71,0,0,18,EL
16,73,244,0,61,EL
16,74,875,22,140,EL
16,75,48,0,59,EL
16,76,356,211,375,EL
16,77,1310,763,686,EL
16,78,386,11,176,EL
16,79,25,0,128,EL
16,80,28,0,10,EL
16,81,14,0,16,EL
16,82,0,0,7,EL
16,83,38,0,10,EL
16,84,52,0,0,EL
16,85,0,0,1,EL
16,86,0,0,8,EL
16,87,0,0,22,EL
16,88,1,0,7,EL
16,89,0,34,44,EL
16,90,0,0,30,EL
16,91,0,0,2,EL
16,105,0,0,6,EL
16,112,0,0,8,EL
16,113,12,0,0,EL
16,114,4,0,10,EL
16,116,0,49,70,EL
16,117,0,0,4,EL
16,123,0,0,3,EL
16,127,100,400,237,EL
17,0,114,0,134,EL
17,1,16,0,2,EL
17,2,6,0,0,EL
17,3,0,0,1,EL
17,4,12,0,19,EL
17,5,40,0,74,EL
17,6,0,19,17,EL
17,7,0,0,5,EL
17,8,11,0,0,EL
17,9,20,0,3,EL
17,10,2,0,2,EL
17,11,0,0,21,EL
17,12,0,0,3,EL
17,13,7,0,5,EL
17,14,6,0,15,EL
17,15,1,0,2,EL
17,21,0,0,7,EL
17,22,0,0,18,EL
17,25,0,0,2,EL
17,26,0,0,4,EL
17,27,29,0,4,EL
17,28,75,0,1,EL
17,31,0,63,28,EL
17,32,5,0,10,EL
17,36,0,6,12,EL
17,45,8,0,0,EL
17,46,10,0,0,EL
17,48,0,181,48,EL
17,49,332,238,84,EL
17,50,0,0,37,EL
17,51,0,0,112,EL
17,52,3,31,156,EL
17,53,498,398,510,EL
17,54,839,205,461,EL
17,55,134,0,46,EL
17,56,23,0,0,EL
17,80,65,0,22,EL
17,81,12,56,77,EL
17,82,0,6,18,EL
17,83,0,0,20,EL
17,84,0,0,5,EL
17,86,0,0,2,EL
17,87,11,0,0,EL
17,89,0,0,19,EL
17,108,0,0,11,EL
17,109,0,0,4,EL
17,112,0,0,1,EL
17,113,0,0,11,EL
17,114,43,0,81,EL
17,115,445,1043,1086,EL
17,116,1347,1661,1507,EL
17,117,156,36,33,EL
17,123,0,0,5,EL
17,125,0,0,9,EL
17,126,0,0,9,EL
17,127,5,0,102,EL
18,0,45,0,12,EL
18,1,10,0,29,EL
18,2,22,0,5,EL
18,3,13,0,13,EL
18,4,12,0,12,EL
18,5,87,111,169,EL
18,6,455,700,373,EL
18,7,0,0,1,EL
18,8,0,0,14,EL
18,9,0,0,7,EL
18,10,0,0,4,EL
18,14,0,0,6,EL
18,15,0,0,5,EL
18,16,0,0,2,EL
18,17,0,0,74,EL
18,18,0,0,63,EL
18,21,0,23,27,EL
18,25,0,0,7,EL
18,26,81,283,313,EL
18,27,2,0,5,EL
18,31,0,0,52,EL
18,32,0,0,133,EL
18,33,0,0,11,EL
18,34,0,0,10,EL
18,35,1,0,2,EL
18,36,383,549,466,EL
18,37,77,0,1,EL
18,38,0,0,2,EL
18,39,0,9,4,EL
18,46,48,11,67,EL
18,48,0,0,1,EL
18,49,0,0,104,EL
18,50,0,0,177,EL
18,51,0,0,135,EL
18,52,0,8,66,EL
18,53,0,0,4,EL
18,83,0,0,1,EL
18,85,0,0,1,EL
18,106,0,0,10,EL
18,107,0,0,14,EL
18,108,0,0,4,EL
18,114,2,4,4,EL
18,115,1072,866,848,EL
18,116,1914,2348,1909,EL
18,117,372,25,123,EL
18,121,46,94,173,EL
18,122,66,285,203,EL
18,123,1,0,8,EL
18,126,0,0,5,EL
18,127,0,0,89,EL
19,3,27,0,32,EL
19,4,14,0,22,EL
19,5,170,266,277,EL
19,6,200,87,106,EL
19,7,11,0,31,EL
19,8,58,0,30,EL
19,9,16,0,11,EL
19,13,34,0,0,EL
19,14,5,0,0,EL
19,17,0,0,5,EL
19,18,0,0,37,EL
19,19,0,0,9,EL
19,20,0,0,4,EL
19,21,175,159,118,EL
19,22,0,0,7,EL
19,23,0,0,3,EL
19,24,0,0,1,EL
19,25,6,0,3,EL
19,26,220,209,143,EL
19,30,0,0,1,EL
19,31,57,322,195,EL
19,32,4,0,7,EL
19,33,0,0,11,EL
19,35,0,0,1,EL
19,36,15,0,17,EL
19,37,62,0,4,EL
19,38,13,0,1,EL
19,39,142,98,80,EL
19,40,60,0,2,EL
19,46,26,0,5,EL
19,47,49,0,6,EL
19,48,0,0,14,EL
19,49,1,39,200,EL
19,50,8,66,73,EL
19,51,47,0,10,EL
19,52,0,0,19,EL
19,107,0,0,33,EL
19,113,0,0,2,EL
19,114,0,0,22,EL
19,115,22,0,35,EL
19,116,406,0,87,EL
19,117,197,0,18,EL
19,118,0,0,1,EL
19,119,0,0,10,EL
19,120,0,0,4,EL
19,121,865,1027,1263,EL
19,122,2007,1171,877,EL
19,123,108,0,15,EL
19,125,0,0,38,EL
19,126,0,0,10,EL
19,127,73,861,936,EL
20,2,0,0,1,EL
20,3,6,0,29,EL
20,4,75,41,107,EL
20,5,486,708,397,EL
20,6,383,118,70,EL
20,7,28,0,4,EL
20,8,3,0,0,EL
20,9,5,0,7,EL
20,12,27,0,0,EL
20,13,2,0,0,EL
20,16,16,148,149,EL
20,17,328,94,46,EL
20,18,5,0,10,EL
20,19,0,0,3,EL
20,21,28,0,0,EL
20,22,0,0,2,EL
20,31,252,66,4,EL
20,32,54,0,0,EL
20,35,0,0,2,EL
20,36,0,0,1,EL
20,37,0,0,2,EL
20,38,2,69,61,EL
20,39,1,0,3,EL
20,40,12,0,0,EL
20,44,52,23,10,EL
20,47,0,0,5,EL
20,48,516,810,503,EL
20,49,54,51,31,EL
20,107,0,0,23,EL
20,108,0,0,18,EL
20,109,0,0,22,EL
20,110,0,0,4,EL
20,111,0,0,13,EL
20,112,0,0,18,EL
20,113,0,0,4,EL
20,115,0,0,3,EL
20,116,0,0,7,EL
20,117,27,0,198,EL
20,118,45,94,318,EL
20,119,8,0,21,EL
20,120,2,0,1,EL
20,121,163,0,17,EL
20,122,130,0,11,EL
20,126,0,0,16,EL
20,127,353,570,486,EL
21,2,4,0,0,EL
21,3,5,0,9,EL
21,4,75,77,175,EL
21,5,535,735,869,EL
21,6,206,294,216,EL
21,7,2,0,0,EL
21,8,1,0,8,EL
21,10,0,0,1,EL
21,12,0,0,3,EL
21,16,540,395,401,EL
21,17,211,0,1,EL
21,18,21,0,21,EL
21,19,34,0,58,EL
21,22,0,0,49,EL
21,23,0,0,11,EL
21,37,2,0,1,EL
21,38,75,568,361,EL
21,39,319,451,240,EL
21,41,0,0,3,EL
21,44,3,0,0,EL
21,46,20,0,4,EL
21,47,42,67,89,EL
21,48,36,42,51,EL
21,112,0,0,4,EL
21,115,12,0,16,EL
21,116,0,0,7,EL
21,117,221,552,522,EL
21,118,2363,4860,3019,EL
21,119,429,200,165,EL
21,120,0,0,5,EL
21,122,0,0,2,EL
21,125,0,0,21,EL
21,126,0,0,3,EL
21,127,242,45,24,EL
22,0,69,136,199,EL
22,1,0,0,3,EL
22,2,20,0,16,EL
22,3,47,0,8,EL
22,4,117,116,164,EL
22,5,497,270,196,EL
22,6,367,119,71,EL
22,7,0,0,3,EL
22,11,1,0,2,EL
22,12,0,0,1,EL
22,13,40,0,2,EL
22,14,0,0,28,EL
22,15,0,0,7,EL
22,16,12,56,42,EL
22,17,417,157,121,EL
22,19,33,0,10,EL
22,20,13,32,170,EL
22,21,47,159,91,EL
22,22,40,200,194,EL
22,23,346,347,247,EL
22,34,0,0,14,EL
22,35,0,0,3,EL
22,37,0,13,10,EL
22,38,42,299,386,EL
22,39,471,72,102,EL
22,41,25,0,34,EL
22,42,5,185,44,EL
22,43,88,235,55,EL
22,45,4,0,0,EL
22,46,83,62,86,EL
22,47,300,946,515,EL
22,110,0,0,10,EL
22,111,0,0,9,EL
22,116,5,0,11,EL
22,117,320,46,701,EL
22,118,1979,1430,1229,EL
22,119,607,82,432,EL
22,120,3,0,1,EL
22,121,0,0,1,EL
22,122,0,0,24,EL
22,127,158,0,149,EL
23,0,758,544,461,EL
23,2,1,0,0,EL
23,4,15,0,12,EL
23,5,7,0,0,EL
23,7,0,0,3,EL
23,17,8,0,0,EL
23,19,77,272,199,EL
23,20,677,545,688,EL
23,21,1199,1499,1117,EL
23,22,475,275,241,EL
23,23,177,0,3,EL
23,36,45,8,90,EL
23,37,15,66,26,EL
23,38,45,4,15,EL
23,39,10,0,29,EL
23,41,0,0,4,EL
23,42,0,42,10,EL
23,43,173,74,11,EL
23,45,1,0,0,EL
23,46,225,130,403,EL
23,47,1049,664,786,EL
23,111,0,0,1,EL
23,112,0,0,1,EL
23,114,0,0,3,EL
23,115,0,0,3,EL
23,116,13,0,68,EL
23,117,28,0,19,EL
23,118,4,0,61,EL
23,119,84,0,268,EL
23,120,72,0,41,EL
23,121,12,0,57,EL
23,122,44,0,235,EL
23,126,0,0,12,EL
23,127,164,0,35,EL
24,0,9,0,2,EL
24,2,27,0,0,EL
24,3,0,0,10,EL
24,4,9,27,32,EL
24,5,5,0,4,EL
24,11,0,73,51,EL
24,12,228,272,287,EL
24,14,0,0,2,EL
24,16,0,0,1,EL
24,18,0,0,5,EL
24,20,0,0,1,EL
24,21,93,2,27,EL
24,22,1,0,7,EL
24,24,0,0,3,EL
24,36,0,0,15,EL
24,37,52,44,49,EL
24,38,98,0,86,EL
24,39,0,0,7,EL
24,43,11,0,2,EL
24,45,10,0,37,EL
24,46,56,357,127,EL
24,47,19,0,0,EL
24,113,0,0,3,EL
24,114,0,0,3,EL
24,115,0,0,9,EL
24,116,15,0,0,EL
24,117,0,0,3,EL
24,118,32,0,36,EL
24,119,7,0,41,EL
24,120,18,0,0,EL
24,121,7,0,0,EL
24,122,131,0,122,EL
24,123,0,0,145,EL
24,124,5,0,48,EL
24,125,29,0,124,EL
24,126,231,0,36,EL
24,127,152,0,21,EL
25,1,8,0,0,EL
25,4,25,191,166,EL
25,5,610,468,441,EL
25,6,0,0,1,EL
25,12,137,3,7,EL
25,16,0,0,1,EL
25,17,75,249,251,EL
25,18,4,0,1,EL
25,23,0,0,3,EL
25,24,0,0,6,EL
25,36,17,0,8,EL
25,37,49,63,52,EL
25,38,10,0,3,EL
25,39,9,0,17,EL
25,40,0,0,4,EL
25,41,0,0,66,EL
25,42,31,0,0,EL
25,43,90,98,19,EL
25,44,32,0,5,EL
25,45,7,10,55,EL
25,46,1332,245,367,EL
25,114,0,0,4,EL
25,116,0,0,1,EL
25,119,36,0,35,EL
25,120,0,0,1,EL
25,122,0,0,68,EL
25,123,119,0,581,EL
25,124,205,11,157,EL
25,125,132,119,0,EL
25,126,149,0,0,EL
25,127,28,0,36,EL
26,1,1,0,2,EL
26,2,0,0,3,EL
26,3,0,21,10,EL
26,4,0,0,1,EL
26,5,9,0,4,EL
26,13,0,0,1,EL
26,17,76,44,35,EL
26,18,74,0,3,EL
26,24,0,0,16,EL
26,25,0,0,3,EL
26,36,0,51,44,EL
26,37,390,475,449,EL
26,39,8,0,4,EL
26,41,11,0,16,EL
26,42,23,0,5,EL
26,43,32,0,9,EL
26,44,7,0,0,EL
26,45,0,47,85,EL
26,46,1150,117,149,EL
26,113,0,0,4,EL
26,114,0,0,1,EL
26,116,0,0,1,EL
26,120,10,0,108,EL
26,121,12,0,182,EL
26,122,119,76,248,EL
26,123,527,1747,1028,EL
26,124,1551,3267,1769,EL
26,125,224,32,33,EL
26,126,0,1,0,EL
26,127,29,0,195,EL
27,1,89,124,120,EL
27,2,0,0,12,EL
27,4,0,0,1,EL
27,5,0,0,6,EL
27,6,0,0,1,EL
27,8,0,0,6,EL
27,13,0,0,2,EL
27,25,0,0,8,EL
27,26,0,0,7,EL
27,37,33,17,17,EL
27,39,0,0,4,EL
27,42,0,3,2,EL
27,43,36,0,1,EL
27,45,0,11,35,EL
27,113,0,0,5,EL
27,116,0,0,1,EL
27,120,3,0,3,EL
27,121,133,0,376,EL
27,122,419,13,112,EL
27,123,1020,812,758,EL
27,124,3123,2899,1174,EL
27,125,2,0,0,EL
27,127,49,0,0,EL
28,0,92,177,164,EL
28,1,32,0,10,EL
28,6,0,0,6,EL
28,7,0,0,2,EL
28,13,0,0,4,EL
28,14,137,163,177,EL
28,15,1,0,7,EL
28,26,238,370,133,EL
28,27,0,0,17,EL
28,28,0,0,22,EL
28,37,0,0,15,EL
28,39,0,0,2,EL
28,40,0,0,1,EL
28,43,0,0,18,EL
28,44,11,22,55,EL
28,45,89,69,148,EL
28,112,0,0,10,EL
28,114,0,0,3,EL
28,115,0,0,1,EL
28,119,0,0,25,EL
28,121,243,0,328,EL
28,122,214,0,666,EL
28,123,504,0,475,EL
28,124,385,9,201,EL
28,125,235,2,104,EL
28,126,156,11,81,EL
28,127,385,69,330,EL
29,0,78,119,95,EL
29,1,35,0,3,EL
29,6,1,24,14,EL
29,7,153,81,91,EL
29,13,0,0,7,EL
29,14,497,152,120,EL
29,15,0,0,3,EL
29,16,0,0,2,EL
29,18,0,0,2,EL
29,26,18,0,0,EL
29,27,0,0,11,EL
29,28,0,0,26,EL
29,29,0,0,68,EL
29,39,8,2,36,EL
29,40,290,159,169,EL
29,41,49,88,75,EL
29,42,6,0,0,EL
29,43,0,0,32,EL
29,44,219,83,218,EL
29,45,153,8,20,EL
29,118,1,0,24,EL
29,119,40,0,58,EL
29,120,0,0,29,EL
29,121,62,0,87,EL
29,122,177,0,221,EL
29,123,199,0,118,EL
29,124,431,0,508,EL
29,125,666,17,397,EL
29,126,580,1588,553,EL
29,127,414,232,331,EL
30,0,9,0,3,EL
30,13,0,0,3,EL
30,16,0,0,6,EL
30,27,0,0,8,EL
30,28,0,0,23,EL
30,29,0,0,11,EL
30,30,0,0,14,EL
30,31,0,0,1,EL
30,39,0,0,2,EL
30,41,5,0,0,EL
30,42,29,0,0,EL
30,43,8,91,46,EL
30,44,188,146,244,EL
30,105,0,0,2,EL
30,116,0,0,5,EL
30,118,0,0,27,EL
30,119,25,0,0,EL
30,120,0,0,8,EL
30,121,256,8,2,EL
30,122,360,3,0,EL
30,123,275,235,228,EL
30,124,300,51,274,EL
30,125,398,0,596,EL
30,126,1154,3715,1844,EL
30,127,715,2689,1507,EL
31,0,0,35,17,EL
31,9,0,0,2,EL
31,12,0,0,2,EL
31,17,0,0,13,EL
31,18,0,0,2,EL
31,19,0,0,11,EL
31,28,0,0,11,EL
31,31,0,0,2,EL
31,36,0,0,1,EL
31,38,0,0,2,EL
31,39,0,0,7,EL
31,42,0,9,10,EL
31,43,235,65,158,EL
31,44,157,11,42,EL
31,103,0,29,2,EL
31,104,0,7,3,EL
31,105,284,342,201,EL
31,106,9,0,15,EL
31,116,0,0,1,EL
31,120,0,0,19,EL
31,121,1359,2884,2544,EL
31,122,790,683,370,EL
31,123,195,359,0,EL
31,124,275,459,243,EL
31,125,538,5,1961,EL
31,126,1166,3175,3230,EL
31,127,1716,2143,1847,EL
32,0,429,147,155,EL
32,10,0,0,1,EL
32,11,33,41,32,EL
32,12,0,0,8,EL
32,18,0,0,13,EL
32,20,0,0,8,EL
32,21,0,0,4,EL
32,31,0,0,1,EL
32,36,0,0,5,EL
32,37,0,0,2,EL
32,38,65,55,131,EL
32,42,0,0,2,EL
32,103,0,0,42,EL
32,104,71,0,181,EL
32,105,700,616,664,EL
32,106,199,139,82,EL
32,120,0,0,7,EL
32,121,602,298,306,EL
32,122,1409,781,467,EL
32,123,85,55,0,EL
32,124,79,234,794,EL
32,125,119,3,403,EL
32,126,108,0,224,EL
32,127,14,0,496,EL
33,8,0,0,1,EL
33,9,0,0,2,EL
33,10,0,0,2,EL
33,11,14,0,0,EL
33,12,5,0,10,EL
33,13,0,0,8,EL
33,14,0,0,18,EL
33,15,75,118,92,EL
33,18,0,0,2,EL
33,19,0,0,4,EL
33,20,0,0,1,EL
33,21,94,265,182,EL
33,35,12,163,26,EL
33,36,0,0,1,EL
33,37,0,17,29,EL
33,38,278,11,62,EL
33,103,403,226,387,EL
33,104,85,148,284,EL
33,105,206,83,194,EL
33,106,229,69,55,EL
33,122,0,2,169,EL
33,123,0,0,319,EL
33,124,0,171,273,EL
33,125,2155,1254,2143,EL
33,126,2,144,97,EL
33,127,299,0,1154,EL
34,0,1,0,0,EL
34,3,11,0,0,EL
34,7,0,21,20,EL
34,8,254,186,175,EL
34,13,0,0,7,EL
34,14,78,231,250,EL
34,15,419,148,70,EL
34,18,0,0,2,EL
34,19,0,0,3,EL
34,20,0,0,1,EL
34,21,8,0,0,EL
34,22,0,0,3,EL
34,35,368,320,280,EL
34,102,43,1213,862,EL
34,103,440,389,548,EL
34,104,87,96,215,EL
34,105,76,43,308,EL
34,106,40,46,87,EL
34,122,0,5,1080,EL
34,123,461,79,512,EL
34,124,1480,4072,3776,EL
34,125,13359,22337,20985,EL
34,126,5945,3008,5680,EL
34,127,520,33,695,EL
35,4,0,0,3,EL
35,6,0,0,4,EL
35,7,0,0,1,EL
35,12,0,0,1,EL
35,14,558,323,292,EL
35,15,150,45,104,EL
35,16,133,0,13,EL
35,34,39,0,15,EL
35,35,112,72,46,EL
35,100,0,92,202,EL
35,101,90,592,685,EL
35,102,3065,5416,4301,EL
35,103,1177,1158,1245,EL
35,104,430,520,476,EL
35,105,325,169,290,EL
35,106,1653,1180,1058,EL
35,122,229,0,155,EL
35,123,5291,651,1326,EL
35,124,10543,12143,10621,EL
35,125,17758,18196,17487,EL
35,126,11257,10306,10141,EL
35,127,1719,795,792,EL
36,4,0,0,20,EL
36,5,0,60,32,EL
36,6,0,0,2,EL
36,11,90,79,68,EL
36,12,23,0,5,EL
36,15,56,209,151,EL
36,16,0,0,7,EL
36,17,20,0,84,EL
36,18,0,64,33,EL
36,19,9,0,2,EL
36,22,0,0,2,EL
36,33,0,0,5,EL
36,34,11,0,1,EL
36,35,21,0,0,EL
36,98,0,0,5,EL
36,99,23,65,76,EL
36,100,396,139,550,EL
36,101,333,228,294,EL
36,102,485,46,230,EL
36,103,256,118,105,EL
36,104,458,171,200,EL
36,105,339,59,193,EL
36,106,1892,838,842,EL
36,107,282,0,44,EL
36,122,4453,89,95,EL
36,123,15648,3627,8482,EL
36,124,9179,13730,9860,EL
36,125,17368,19540,17934,EL
36,126,9350,13090,12577,EL
36,127,1597,660,1549,EL
37,0,0,0,3,EL
37,4,0,0,3,EL
37,5,246,292,302,EL
37,14,0,0,1,EL
37,15,387,114,119,EL
37,16,0,0,1,EL
37,17,37,0,52,EL
37,18,148,181,127,EL
37,19,93,255,227,EL
37,20,23,203,46,EL
37,21,0,0,2,EL
37,32,0,50,24,EL
37,33,292,386,433,EL
37,34,28,0,0,EL
37,98,85,66,70,EL
37,99,164,113,48,EL
37,100,0,0,16,EL
37,101,28,10,0,EL
37,102,4,0,60,EL
37,103,252,0,85,EL
37,104,202,0,24,EL
37,105,119,0,76,EL
37,106,408,532,821,EL
37,107,1920,665,782,EL
37,122,6605,1938,3197,EL
37,123,19799,19798,21540,EL
37,124,29529,20518,20669,EL
37,125,16293,17461,15614,EL
37,126,16289,15178,15750,EL
37,127,3827,7962,6483,EL
38,3,1,0,1,EL
38,4,32,0,0,EL
38,5,0,0,1,EL
38,6,0,8,0,EL
38,14,0,0,1,EL
38,18,66,220,514,EL
38,19,872,1181,1199,EL
38,20,12,0,0,EL
38,21,53,199,193,EL
38,32,0,0,2,EL
38,33,10,0,0,EL
38,34,23,0,0,EL
38,96,0,0,124,EL
38,97,143,212,164,EL
38,98,233,118,144,EL
38,99,115,114,115,EL
38,100,3,40,0,EL
38,101,0,4,0,EL
38,103,67,0,87,EL
38,104,0,0,62,EL
38,105,0,0,113,EL
38,106,284,1303,1039,EL
38,107,5597,3838,4043,EL
38,121,0,0,102,EL
38,122,9775,6423,18722,EL
38,123,24002,26050,24402,EL
38,124,25187,21587,19738,EL
38,125,9193,11914,9913,EL
38,126,12542,7717,8002,EL
38,127,5994,4899,4791,EL
39,0,4,0,1,EL
39,1,5,0,3,EL
39,2,1,0,0,EL
39,3,17,0,28,EL
39,4,7,0,0,EL
39,13,0,0,3,EL
39,17,0,0,4,EL
39,18,88,157,141,EL
39,19,1662,1601,1297,EL
39,20,51,42,0,EL
39,32,31,28,16,EL
39,33,48,3,0,EL
39,96,40,179,147,EL
39,97,96,107,136,EL
39,98,39,35,59,EL
39,99,49,74,70,EL
39,100,0,48,19,EL
39,101,0,0,36,EL
39,102,0,0,50,EL
39,103,0,0,86,EL
39,104,0,0,137,EL
39,105,78,0,181,EL
39,106,504,177,449,EL
39,107,6107,6401,6663,EL
39,108,2959,1680,2056,EL
39,116,0,553,266,EL
39,117,115,797,1091,EL
39,121,1762,8588,8934,EL
39,122,23441,31001,26431,EL
39,123,27992,22625,20106,EL
39,124,25096,21369,15627,EL
39,125,10264,10411,9645,EL
39,126,2146,855,1541,EL
39,127,403,2367,2435,EL
40,1,0,0,3,EL
40,2,6,112,130,EL
40,3,134,367,252,EL
40,13,0,0,2,EL
40,16,0,0,9,EL
40,18,68,0,102,EL
40,19,118,0,0,EL
40,20,0,0,2,EL
40,31,0,9,5,EL
40,32,19,73,31,EL
40,33,2,0,0,EL
40,96,22,29,28,EL
40,97,100,99,98,EL
40,98,178,177,170,EL
40,99,119,890,601,EL
40,100,44,49,38,EL
40,101,0,0,23,EL
40,102,1,4,48,EL
40,103,0,0,237,EL
40,104,31,0,142,EL
40,105,305,77,196,EL
40,106,464,356,567,EL
40,107,6886,4950,4325,EL
40,108,5995,3886,3701,EL
40,109,28,0,0,EL
40,115,104,2433,2492,EL
40,116,12621,20066,16713,EL
40,117,17964,14571,15537,EL
40,118,7115,18208,16197,EL
40,119,11194,27118,22025,EL
40,120,13272,29235,22636,EL
40,121,7167,5985,4754,EL
40,122,14870,7334,9161,EL
40,123,23463,11902,14896,EL
40,124,17297,5040,4605,EL
40,125,9037,4403,6679,EL
40,126,2220,57,677,EL
40,127,284,3,14,EL
41,1,0,0,27,EL
41,2,0,7,1,EL
41,3,8,0,1,EL
41,17,0,0,17,EL
41,18,124,0,76,EL
41,19,17,0,0,EL
41,21,0,0,2,EL
41,23,98,743,728,EL
41,24,18,0,2,EL
41,26,0,0,2,EL
41,30,1,0,0,EL
41,31,51,35,66,EL
41,94,0,0,10,EL
41,95,26,0,34,EL
41,96,38,37,44,EL
41,97,93,17,115,EL
41,98,561,1478,1138,EL
41,99,2191,3607,2792,EL
41,100,336,312,249,EL
41,101,4,15,112,EL
41,102,28,0,96,EL
41,103,61,0,145,EL
41,104,279,0,90,EL
41,105,67,0,18,EL
41,106,185,127,43,EL
41,107,287,121,409,EL
41,108,254,0,92,EL
41,109,18,0,0,EL
41,114,0,64,317,EL
41,115,9390,14619,14498,EL
41,116,17630,12520,14573,EL
41,117,23793,19652,19528,EL
41,118,22411,18944,19659,EL
41,119,25672,32386,28771,EL
41,120,23685,18704,21134,EL
41,121,18651,15223,15068,EL
41,122,11202,3476,4168,EL
41,123,3078,6,235,EL
41,124,389,0,43,EL
41,125,1835,2664,4144,EL
41,126,404,551,1680,EL
41,127,13,29,32,EL
42,0,0,0,4,EL
42,1,0,0,1,EL
42,5,0,0,3,EL
42,13,188,262,250,EL
42,14,47,0,6,EL
42,15,0,0,2,EL
42,16,0,0,11,EL
42,17,0,0,6,EL
42,18,12,0,0,EL
42,22,0,18,5,EL
42,23,202,62,77,EL
42,24,23,0,0,EL
42,25,0,0,9,EL
42,30,12,0,0,EL
42,31,7,0,0,EL
42,94,0,0,4,EL
42,95,188,0,79,EL
42,96,18,0,72,EL
42,97,25,56,86,EL
42,98,150,60,109,EL
42,99,826,82,99,EL
42,100,11,29,59,EL
42,101,59,0,26,EL
42,102,145,0,82,EL
42,103,175,0,166,EL
42,104,293,613,670,EL
42,105,240,862,558,EL
42,106,114,304,123,EL
42,107,101,60,442,EL
42,108,260,220,158,EL
42,109,64,0,6,EL
42,114,0,30,0,EL
42,115,5118,6481,8696,EL
42,116,1063,1839,3356,EL
42,117,4912,2612,2837,EL
42,118,8698,10162,10598,EL
42,119,20747,20000,18235,EL
42,120,27344,25606,21810,EL
42,121,15371,3736,4981,EL
42,122,361,0,134,EL
42,123,0,0,109,EL
42,124,9,3,77,EL
42,125,2623,5156,10387,EL
42,126,1814,757,2457,EL
42,127,159,10,107,EL
43,0,3,0,0,EL
43,2,0,0,1,EL
43,4,186,219,145,EL
43,5,0,0,5,EL
43,6,0,0,1,EL
43,22,0,22,5,EL
43,23,0,0,2,EL
43,25,0,0,7,EL
43,29,0,2,0,EL
43,30,0,25,0,EL
43,95,0,0,110,EL
43,96,27,0,36,EL
43,97,27,2,48,EL
43,98,11,6,14,EL
43,101,0,0,86,EL
43,102,0,0,91,EL
43,103,40,271,145,EL
43,104,586,2432,1692,EL
43,105,685,872,710,EL
43,106,50,296,167,EL
43,107,133,17,355,EL
43,108,535,0,296,EL
43,109,265,0,0,EL
43,113,3,25,6,EL
43,114,167,11,62,EL
43,115,616,70,380,EL
43,116,663,128,503,EL
43,117,545,41,286,EL
43,118,1030,4336,4613,EL
43,119,6886,7500,7070,EL
43,120,11858,7883,6714,EL
43,121,123,0,49,EL
43,122,0,0,185,EL
43,123,0,0,83,EL
43,124,1,86,361,EL
43,125,3073,3940,6292,EL
43,126,1775,506,964,EL
43,127,496,246,181,EL
44,0,0,0,3,EL
44,1,0,0,9,EL
44,4,95,0,1,EL
44,5,0,0,1,EL
44,14,0,0,1,EL
44,15,0,0,1,EL
44,17,0,0,4,EL
44,21,0,0,1,EL
44,22,0,0,3,EL
44,30,0,0,18,EL
44,94,7,0,8,EL
44,95,0,0,96,EL
44,96,0,0,117,EL
44,97,1,0,14,EL
44,98,0,0,8,EL
44,99,0,0,11,EL
44,100,0,0,62,EL
44,101,0,0,62,EL
44,102,48,0,102,EL
44,103,482,400,536,EL
44,104,1973,3020,2621,EL
44,105,632,928,946,EL
44,106,75,0,185,EL
44,107,64,64,172,EL
44,108,72,30,274,EL
44,109,48,0,87,EL
44,110,0,0,21,EL
44,111,34,24,153,EL
44,112,314,79,225,EL
44,113,1024,30,253,EL
44,114,386,19,312,EL
44,115,430,428,385,EL
44,116,267,65,239,EL
44,117,291,189,347,EL
44,118,546,668,938,EL
44,119,1413,1498,1611,EL
44,120,1986,437,549,EL
44,121,7,0,79,EL
44,122,0,0,156,EL
44,123,0,0,40,EL
44,124,131,10,165,EL
44,125,271,36,91,EL
44,126,356,0,72,EL
44,127,69,0,35,EL
45,1,0,0,5,EL
45,16,117,172,83,EL
45,17,0,0,3,EL
45,19,0,0,1,EL
45,22,0,0,7,EL
45,23,0,0,4,EL
45,25,24,0,2,EL
45,94,0,0,56,EL
45,95,0,0,75,EL
45,96,11,0,60,EL
45,97,40,0,7,EL
45,99,0,0,11,EL
45,100,0,0,35,EL
45,101,0,0,40,EL
45,102,30,0,86,EL
45,103,514,30,203,EL
45,104,376,1003,403,EL
45,105,204,259,290,EL
45,106,110,0,164,EL
45,107,578,2093,1177,EL
45,108,709,283,290,EL
45,109,503,65,285,EL
45,110,400,15,162,EL
45,111,815,135,266,EL
45,112,788,56,156,EL
45,113,294,118,281,EL
45,114,303,1,495,EL
45,115,535,359,417,EL
45,116,677,1019,993,EL
45,117,1640,1954,2240,EL
45,118,691,1046,1447,EL
45,119,130,310,324,EL
45,120,186,50,154,EL
45,121,0,0,9,EL
45,122,0,0,80,EL
45,123,53,313,500,EL
45,124,1599,3480,2916,EL
45,125,0,0,32,EL
45,126,0,0,6,EL
46,0,0,0,16,EL
46,16,7,0,3,EL
46,17,0,0,1,EL
46,18,7,0,15,EL
46,19,0,0,4,EL
46,21,0,0,1,EL
46,22,0,0,12,EL
46,23,0,0,18,EL
46,25,0,0,16,EL
46,26,9,0,3,EL
46,93,0,0,10,EL
46,94,0,0,59,EL
46,96,13,0,4,EL
46,97,16,0,36,EL
46,98,0,0,9,EL
46,99,0,0,8,EL
46,100,0,0,4,EL
46,102,23,0,70,EL
46,103,134,0,258,EL
46,104,952,1844,1281,EL
46,105,748,194,334,EL
46,106,178,0,52,EL
46,107,332,50,491,EL
46,108,338,185,362,EL
46,109,316,164,218,EL
46,110,199,6,122,EL
46,111,664,108,407,EL
46,112,746,19,318,EL
46,113,260,2748,1998,EL
46,114,455,1244,1993,EL
46,115,318,391,795,EL
46,116,541,369,683,EL
46,117,2816,3531,3538,EL
46,118,2199,2785,2501,EL
46,119,46,0,60,EL
46,120,18,0,80,EL
46,121,0,0,60,EL
46,122,0,0,18,EL
46,123,177,292,106,EL
46,124,2197,1197,1263,EL
46,125,0,0,40,EL
47,17,0,0,1,EL
47,18,23,0,8,EL
47,19,0,0,1,EL
47,20,24,0,2,EL
47,21,0,43,17,EL
47,22,78,121,62,EL
47,23,2,151,53,EL
47,24,20,117,137,EL
47,25,51,23,20,EL
47,93,0,0,13,EL
47,94,9,0,20,EL
47,95,20,0,0,EL
47,97,1,0,35,EL
47,98,0,0,60,EL
47,99,0,77,68,EL
47,100,0,0,34,EL
47,101,0,0,64,EL
47,102,9,0,24,EL
47,103,79,0,229,EL
47,104,130,0,24,EL
47,105,30,0,30,EL
47,106,5,0,93,EL
47,107,16,162,225,EL
47,108,499,73,242,EL
47,109,237,0,157,EL
47,110,427,0,44,EL
47,111,248,39,243,EL
47,112,159,0,46,EL
47,113,1185,2220,1794,EL
47,114,2547,3208,2376,EL
47,115,129,142,272,EL
47,116,513,0,200,EL
47,117,1273,683,1128,EL
47,118,3553,4084,4055,EL
47,119,1000,715,369,EL
47,120,0,0,73,EL
47,121,0,0,67,EL
47,122,0,154,48,EL
47,123,486,717,928,EL
47,124,82,0,52,EL
47,125,0,0,3,EL
48,17,0,0,1,EL
48,18,2,0,4,EL
48,19,0,0,11,EL
48,20,26,35,84,EL
48,21,150,89,56,EL
48,22,85,18,38,EL
48,92,0,0,52,EL
48,93,5,0,119,EL
48,97,0,0,5,EL
48,98,413,648,569,EL
48,99,1680,861,989,EL
48,100,4,0,21,EL
48,101,34,0,115,EL
48,102,160,0,108,EL
48,103,44,0,36,EL
48,105,0,0,10,EL
48,106,0,0,18,EL
48,107,1000,1509,830,EL
48,108,161,227,128,EL
48,109,19,0,79,EL
48,110,17,0,88,EL
48,111,94,0,119,EL
48,112,221,0,74,EL
48,113,29,5,150,EL
48,114,255,413,335,EL
48,115,266,80,92,EL
48,116,0,0,8,EL
48,117,144,0,17,EL
48,118,1430,497,449,EL
48,119,1019,396,327,EL
48,120,173,81,134,EL
48,121,35,0,42,EL
48,122,0,49,42,EL
48,123,68,319,303,EL
48,126,19,0,111,EL
49,17,0,0,8,EL
49,18,241,134,191,EL
49,19,355,129,100,EL
49,20,79,0,22,EL
49,91,0,0,26,EL
49,92,1,81,183,EL
49,93,1,0,0,EL
49,96,0,0,10,EL
49,98,55,0,32,EL
49,99,258,0,65,EL
49,100,162,523,472,EL
49,101,241,543,422,EL
49,102,25,0,44,EL
49,103,0,0,1,EL
49,104,0,0,5,EL
49,106,0,0,12,EL
49,107,76,117,138,EL
49,108,48,0,88,EL
49,109,60,0,91,EL
49,110,13,0,103,EL
49,111,285,750,689,EL
49,112,223,206,378,EL
49,113,112,352,487,EL
49,114,1109,2701,2111,EL
49,115,83,0,8,EL
49,117,1,0,34,EL
49,118,0,0,5,EL
49,119,27,0,57,EL
49,120,61,0,1,EL
49,121,208,0,51,EL
49,122,0,0,60,EL
49,123,300,7,127,EL
49,126,69,0,0,EL
50,3,0,0,2,EL
50,8,0,16,13,EL
50,9,11,92,113,EL
50,16,114,29,25,EL
50,17,199,28,53,EL
50,18,462,24,16,EL
50,90,0,66,11,EL
50,91,230,509,372,EL
50,92,210,46,45,EL
50,93,0,0,2,EL
50,97,26,0,115,EL
50,98,0,0,124,EL
50,99,16,0,12,EL
50,100,239,308,204,EL
50,101,1122,255,176,EL
50,102,111,0,69,EL
50,103,0,0,89,EL
50,104,0,0,88,EL
50,105,0,0,12,EL
50,106,59,709,440,EL
50,107,698,798,904,EL
50,108,91,0,125,EL
50,109,32,0,38,EL
50,110,39,0,36,EL
50,111,666,1597,1329,EL
50,112,1492,1266,794,EL
50,113,0,0,132,EL
50,114,52,0,5,EL
50,117,0,0,5,EL
50,118,0,0,43,EL
50,119,0,0,55,EL
50,120,0,0,12,EL
50,122,0,0,62,EL
50,123,72,0,279,EL
50,124,2,0,0,EL
51,9,74,32,15,EL
51,10,0,0,2,EL
51,15,112,0,21,EL
51,16,109,7,5,EL
51,17,0,0,3,EL
51,89,2,70,215,EL
51,90,40,95,360,EL
51,91,43,35,72,EL
51,93,0,0,4,EL
51,95,0,0,5,EL
51,96,9,0,52,EL
51,97,153,15,57,EL
51,98,8,0,6,EL
51,101,0,0,21,EL
51,102,0,0,21,EL
51,103,0,0,23,EL
51,105,0,0,18,EL
51,106,0,0,69,EL
51,107,226,0,150,EL
51,108,37,0,103,EL
51,109,17,0,20,EL
51,110,40,0,104,EL
51,111,73,0,243,EL
51,112,94,232,102,EL
51,113,7,0,5,EL
51,114,0,0,24,EL
51,115,0,0,3,EL
51,116,0,0,3,EL
51,117,0,0,3,EL
51,118,0,0,61,EL
51,120,0,0,49,EL
51,121,0,0,15,EL
51,122,30,187,131,EL
51,123,49,0,241,EL
51,124,20,0,6,EL
52,12,0,0,3,EL
52,13,9,12,7,EL
52,89,34,233,529,EL
52,90,51,52,191,EL
52,91,0,0,18,EL
52,93,0,0,1,EL
52,94,24,0,98,EL
52,95,18,0,10,EL
52,96,128,77,90,EL
52,97,460,849,625,EL
52,98,100,0,3,EL
52,99,2,0,0,EL
52,100,0,0,10,EL
52,101,0,0,19,EL
52,103,0,0,1,EL
52,104,0,0,16,EL
52,105,0,0,3,EL
52,106,92,0,78,EL
52,107,55,0,166,EL
52,108,0,0,12,EL
52,109,0,0,11,EL
52,110,85,0,56,EL
52,111,125,0,45,EL
52,112,19,0,65,EL
52,115,0,0,5,EL
52,117,0,0,42,EL
52,118,0,0,211,EL
52,119,0,0,58,EL
52,120,6,43,115,EL
52,121,463,1712,1408,EL
52,122,1611,2035,1803,EL
52,123,0,0,135,EL
52,124,77,0,118,EL
52,125,2,0,41,EL
52,126,33,0,3,EL
52,127,7,258,338,EL
53,0,0,0,3,EL
53,1,0,0,11,EL
53,2,0,0,9,EL
53,3,0,0,2,EL
53,9,0,1,0,EL
53,88,0,22,31,EL
53,89,70,139,394,EL
53,90,31,87,154,EL
53,91,0,60,116,EL
53,92,26,39,69,EL
53,93,2,0,50,EL
53,94,15,0,1,EL
53,95,0,0,11,EL
53,96,25,0,40,EL
53,97,546,183,151,EL
53,98,158,0,3,EL
53,99,35,0,8,EL
53,101,0,0,9,EL
53,102,0,0,6,EL
53,103,0,0,2,EL
53,104,0,0,24,EL
53,105,0,0,21,EL
53,106,15,107,144,EL
53,107,81,0,118,EL
53,108,0,0,64,EL
53,109,0,0,22,EL
53,110,233,0,174,EL
53,111,4,0,72,EL
53,112,0,0,32,EL
53,114,0,0,1,EL
53,116,0,0,8,EL
53,117,0,0,3,EL
53,118,0,0,24,EL
53,119,0,0,32,EL
53,120,0,0,6,EL
53,121,417,117,130,EL
53,122,652,205,162,EL
53,123,32,0,0,EL
53,125,0,0,38,EL
53,126,0,0,43,EL
53,127,15,64,51,EL
54,0,0,0,5,EL
54,1,0,0,9,EL
54,2,0,0,10,EL
54,3,0,0,6,EL
54,4,0,0,7,EL
54,5,257,338,136,EL
54,6,170,0,0,EL
54,7,0,0,2,EL
54,88,81,2118,1459,EL
54,89,494,1682,1248,EL
54,90,29,50,275,EL
54,91,143,247,271,EL
54,92,438,113,56,EL
54,93,7,0,8,EL
54,94,0,0,6,EL
54,95,1,0,20,EL
54,96,20,0,0,EL
54,97,4,0,29,EL
54,102,0,106,106,EL
54,103,64,148,104,EL
54,104,0,0,28,EL
54,105,0,0,64,EL
54,106,488,1293,894,EL
54,107,190,161,91,EL
54,108,26,0,58,EL
54,109,48,0,92,EL
54,110,245,0,175,EL
54,111,118,123,137,EL
54,112,21,0,4,EL
54,113,0,0,1,EL
54,116,0,0,8,EL
54,117,0,0,8,EL
54,119,60,0,9,EL
54,120,166,0,0,EL
54,122,46,0,6,EL
54,123,2,0,0,EL
54,127,1,0,30,EL
55,2,0,0,8,EL
55,3,0,0,7,EL
55,5,0,0,2,EL
55,6,0,0,3,EL
55,88,335,873,557,EL
55,89,468,262,482,EL
55,90,77,4,86,EL
55,91,6,0,6,EL
55,92,0,0,8,EL
55,93,2,0,5,EL
55,94,0,0,10,EL
55,96,0,0,2,EL
55,97,0,0,8,EL
55,102,289,353,203,EL
55,103,404,40,19,EL
55,106,56,0,32,EL
55,107,85,0,78,EL
55,108,154,0,110,EL
55,109,113,0,92,EL
55,110,36,0,44,EL
55,111,411,315,264,EL
55,112,54,0,12,EL
55,113,0,0,14,EL
55,117,0,0,3,EL
55,121,0,0,6,EL
55,127,18,0,10,EL
56,0,0,0,2,EL
56,2,0,0,5,EL
56,6,0,11,22,EL
56,88,173,133,26,EL
56,89,213,130,177,EL
56,90,2,0,72,EL
56,91,0,0,23,EL
56,92,0,0,7,EL
56,93,0,0,12,EL
56,94,353,405,187,EL
56,95,242,33,6,EL
56,96,0,0,1,EL
56,97,0,0,1,EL
56,100,0,0,7,EL
56,102,25,0,32,EL
56,103,23,0,10,EL
56,104,3,0,0,EL
56,105,0,0,12,EL
56,106,0,0,18,EL
56,107,65,168,61,EL
56,108,123,38,109,EL
56,109,172,8,116,EL
56,110,70,0,86,EL
56,111,16,0,17,EL
56,117,0,0,17,EL
56,118,0,0,9,EL
56,127,37,0,6,EL
57,2,0,0,1,EL
57,3,0,0,5,EL
57,88,437,237,98,EL
57,89,64,76,228,EL
57,90,73,37,164,EL
57,91,0,0,38,EL
57,93,0,0,11,EL
57,94,0,0,5,EL
57,96,0,0,2,EL
57,102,0,0,6,EL
57,103,8,0,7,EL
57,104,0,0,3,EL
57,105,0,0,3,EL
57,106,0,0,10,EL
57,107,28,508,289,EL
57,108,231,1109,777,EL
57,109,249,77,139,EL
57,110,22,0,58,EL
57,111,66,0,79,EL
57,112,34,0,44,EL
57,117,0,0,3,EL
57,127,8,0,12,EL
58,3,0,0,8,EL
58,87,0,8,0,EL
58,88,438,165,138,EL
58,89,150,37,231,EL
58,90,0,24,84,EL
58,91,0,0,33,EL
58,92,0,0,9,EL
58,93,0,0,8,EL
58,95,6,0,7,EL
58,96,0,0,7,EL
58,102,0,28,23,EL
58,103,314,199,212,EL
58,105,0,0,7,EL
58,106,0,0,12,EL
58,107,62,341,166,EL
58,108,918,992,567,EL
58,109,192,128,77,EL
58,110,6,0,43,EL
58,111,0,0,51,EL
58,112,102,0,41,EL
58,113,11,0,9,EL
58,114,0,0,12,EL
58,115,28,4,17,EL
58,116,4,59,50,EL
58,120,0,0,1,EL
58,125,11,0,0,EL
58,126,10,0,34,EL
58,127,19,0,0,EL
59,3,0,0,3,EL
59,87,46,48,0,EL
59,88,382,82,11,EL
59,89,12,11,88,EL
59,90,3,0,15,EL
59,91,13,42,44,EL
59,92,0,0,22,EL
59,93,0,0,11,EL
59,94,17,61,44,EL
59,101,0,0,19,EL
59,102,0,0,17,EL
59,103,210,0,14,EL
59,107,7,0,5,EL
59,108,6,51,81,EL
59,109,21,7,24,EL
59,110,0,0,7,EL
59,112,1,0,7,EL
59,113,44,0,27,EL
59,114,115,0,52,EL
59,115,255,179,146,EL
59,116,387,421,303,EL
59,117,0,0,10,EL
59,120,0,0,6,EL
59,121,21,221,155,EL
59,122,2,0,37,EL
59,123,0,0,31,EL
59,124,0,0,9,EL
59,125,142,504,505,EL
59,126,162,169,94,EL
59,127,19,0,0,EL
60,3,0,0,2,EL
60,87,250,144,3,EL
60,88,355,376,93,EL
60,89,23,0,24,EL
60,90,3,0,8,EL
60,91,369,736,488,EL
60,92,98,9,19,EL
60,93,0,0,10,EL
60,94,47,0,4,EL
60,99,0,0,35,EL
60,100,0,0,16,EL
60,101,0,0,6,EL
60,102,3,0,0,EL
60,103,0,0,3,EL
60,107,29,0,29,EL
60,108,1,158,76,EL
60,109,13,0,0,EL
60,110,0,0,1,EL
60,112,9,0,6,EL
60,114,25,0,0,EL
60,115,11,0,17,EL
60,116,5,0,1,EL
60,117,0,0,3,EL
60,120,0,0,2,EL
60,121,74,30,37,EL
60,122,1,0,0,EL
60,124,103,0,10,EL
60,125,158,76,67,EL
60,126,141,0,4,EL
61,3,85,67,27,EL
61,4,1,0,0,EL
61,85,0,0,1,EL
61,86,52,0,21,EL
61,87,194,6,90,EL
61,88,33,3,35,EL
61,89,0,0,7,EL
61,91,36,0,1,EL
61,92,29,0,20,EL
61,94,0,0,9,EL
61,95,0,0,8,EL
61,96,43,277,222,EL
61,97,13,0,17,EL
61,98,0,6,75,EL
61,99,146,444,302,EL
61,100,1,0,22,EL
61,103,0,0,1,EL
61,106,0,19,5,EL
61,107,0,0,12,EL
61,108,22,0,12,EL
61,109,29,0,0,EL
61,111,25,0,1,EL
61,112,0,0,4,EL
61,113,0,0,9,EL
61,114,0,0,11,EL
61,115,0,0,1,EL
61,116,0,0,1,EL
61,125,514,633,703,EL
61,126,17,6,10,EL
62,0,0,7,1,EL
62,1,0,0,2,EL
62,85,0,0,6,EL
62,86,392,457,329,EL
62,87,6,0,57,EL
62,91,4,0,0,EL
62,92,0,0,11,EL
62,93,5,0,20,EL
62,94,20,0,19,EL
62,95,19,0,40,EL
62,96,143,71,31,EL
62,97,26,0,4,EL
62,99,7,0,0,EL
62,100,0,0,6,EL
62,102,0,0,5,EL
62,103,0,0,10,EL
62,104,0,0,7,EL
62,105,9,0,3,EL
62,106,140,294,110,EL
62,107,78,21,115,EL
62,108,45,122,48,EL
62,109,22,0,15,EL
62,110,0,0,3,EL
62,111,0,0,1,EL
62,113,0,0,11,EL
62,114,6,0,1,EL
62,117,0,0,1,EL
62,119,1,0,0,EL
62,120,0,2,1,EL
62,121,22,69,44,EL
62,122,0,0,4,EL
62,123,0,0,5,EL
62,124,0,0,19,EL
62,125,613,506,399,EL
62,126,169,2,5,EL
63,85,0,22,18,EL
63,86,63,160,232,EL
63,87,3,0,29,EL
63,89,0,0,1,EL
63,91,0,0,1,EL
63,92,11,143,69,EL
63,93,306,201,157,EL
63,98,27,0,0,EL
63,100,0,0,11,EL
63,102,0,0,2,EL
63,103,0,0,3,EL
63,104,0,0,3,EL
63,106,13,0,3,EL
63,107,100,0,78,EL
63,108,7,0,0,EL
63,109,0,0,6,EL
63,110,31,0,29,EL
63,113,0,22,28,EL
63,114,25,0,1,EL
63,115,0,0,8,EL
63,116,0,0,2,EL
63,119,0,0,1,EL
63,120,0,9,0,EL
63,121,50,0,0,EL
63,122,0,0,34,EL
63,123,0,0,12,EL
63,125,19,0,0,EL
63,126,29,0,21,EL
63,127,4,0,7,EL
64,85,0,0,3,EL
64,86,200,76,284,EL
64,87,17,0,43,EL
64,91,0,0,35,EL
64,92,26,0,66,EL
64,93,61,0,8,EL
64,98,26,0,21,EL
64,99,0,1,40,EL
64,100,0,0,15,EL
64,101,0,0,9,EL
64,102,0,0,6,EL
64,107,95,0,1,EL
64,108,2,0,29,EL
64,109,0,0,8,EL
64,112,0,0,12,EL
64,113,0,60,26,EL
64,114,176,180,131,EL
64,115,0,0,2,EL
64,120,0,69,27,EL
64,121,0,0,16,EL
64,122,0,0,12,EL
64,125,0,0,16,EL
64,126,186,314,367,EL
64,127,340,288,184,EL
65,85,0,0,10,EL
65,86,44,31,54,EL
65,87,0,0,2,EL
65,90,5,6,1,EL
65,91,30,40,56,EL
65,92,20,0,0,EL
65,93,5,0,0,EL
65,96,0,0,10,EL
65,97,0,0,27,EL
65,98,0,0,10,EL
65,99,0,0,2,EL
65,100,0,0,21,EL
65,102,0,0,5,EL
65,105,9,0,0,EL
65,106,1,0,7,EL
65,107,30,0,55,EL
65,108,19,0,21,EL
65,109,0,0,2,EL
65,111,0,0,2,EL
65,112,0,0,4,EL
65,113,24,0,0,EL
65,121,0,0,15,EL
65,125,2,0,0,EL
65,126,8,17,13,EL
65,127,114,17,13,EL
66,84,0,8,16,EL
66,85,0,108,57,EL
66,86,9,10,1,EL
66,87,21,0,23,EL
66,88,0,0,15,EL
66,89,60,617,393,EL
66,90,549,1108,1136,EL
66,91,531,137,192,EL
66,92,49,0,7,EL
66,93,0,0,5,EL
66,94,0,0,10,EL
66,95,0,0,24,EL
66,96,0,0,6,EL
66,102,0,0,9,EL
66,106,0,0,50,EL
66,107,20,0,2,EL
66,108,5,0,57,EL
66,109,0,0,1,EL
66,111,0,0,4,EL
66,112,0,0,2,EL
66,121,25,0,20,EL
66,127,329,489,486,EL
67,84,0,81,100,EL
67,85,673,866,526,EL
67,86,189,45,105,EL
67,87,1,0,26,EL
67,89,222,339,278,EL
67,90,1042,775,689,EL
67,91,102,26,16,EL
67,92,0,0,2,EL
67,93,0,0,9,EL
67,96,0,0,8,EL
67,102,0,0,2,EL
67,103,2,0,26,EL
67,104,5,0,10,EL
67,106,45,0,6,EL
67,107,4,0,6,EL
67,108,10,0,79,EL
67,110,0,0,2,EL
67,111,0,0,3,EL
67,118,0,0,2,EL
67,120,0,0,27,EL
67,121,23,0,20,EL
67,123,3,0,0,EL
67,127,158,30,4,EL
68,84,0,0,20,EL
68,85,409,872,863,EL
68,86,37,5,23,EL
68,87,0,0,16,EL
68,88,0,0,10,EL
68,89,14,0,23,EL
68,90,27,0,0,EL
68,91,0,0,7,EL
68,92,0,0,6,EL
68,93,6,0,7,EL
68,94,6,0,0,EL
68,102,0,0,8,EL
68,103,0,0,8,EL
68,104,0,0,5,EL
68,105,0,0,26,EL
68,106,1,0,35,EL
68,107,88,0,41,EL
68,108,52,11,99,EL
68,109,17,0,34,EL
68,110,0,0,26,EL
68,113,0,0,7,EL
68,114,0,0,11,EL
68,115,0,0,9,EL
68,116,0,0,3,EL
68,118,0,0,4,EL
68,119,0,0,55,EL
68,120,123,799,595,EL
68,121,183,10,28,EL
68,122,2,0,0,EL
68,123,27,0,0,EL
69,84,0,26,38,EL
69,85,909,647,455,EL
69,86,39,39,11,EL
69,87,0,0,10,EL
69,88,0,0,3,EL
69,89,0,0,15,EL
69,90,0,0,35,EL
69,91,28,0,74,EL
69,92,10,81,43,EL
69,93,374,231,133,EL
69,94,111,0,0,EL
69,103,0,0,5,EL
69,105,0,0,51,EL
69,106,8,0,0,EL
69,107,29,0,14,EL
69,108,184,542,472,EL
69,109,326,440,328,EL
69,110,30,0,0,EL
69,114,164,217,191,EL
69,115,0,0,2,EL
69,117,0,0,7,EL
69,118,0,0,9,EL
69,119,0,0,8,EL
69,120,1852,1240,1168,EL
69,121,496,49,94,EL
69,122,0,0,27,EL
69,123,0,0,13,EL
70,0,0,19,0,EL
70,84,92,76,95,EL
70,85,23,0,15,EL
70,86,43,0,25,EL
70,87,4,0,38,EL
70,88,16,0,126,EL
70,89,10,0,0,EL
70,92,1,0,1,EL
70,93,16,0,0,EL
70,94,0,0,3,EL
70,95,0,0,4,EL
70,96,0,0,2,EL
70,97,0,0,7,EL
70,98,0,0,3,EL
70,103,0,0,3,EL
70,105,0,0,5,EL
70,106,0,0,9,EL
70,107,0,0,25,EL
70,108,42,795,400,EL
70,109,553,656,286,EL
70,114,242,11,4,EL
70,118,412,330,344,EL
70,119,500,151,90,EL
70,120,61,0,16,EL
70,121,24,0,2,EL
71,84,181,681,504,EL
71,85,295,0,31,EL
71,86,5,0,18,EL
71,87,0,0,33,EL
71,88,110,227,179,EL
71,89,194,96,59,EL
71,90,32,0,10,EL
71,92,2,9,11,EL
71,93,165,229,182,EL
71,97,0,0,3,EL
71,102,0,0,3,EL
71,103,0,0,12,EL
71,104,0,0,2,EL
71,107,0,0,23,EL
71,108,10,0,37,EL
71,109,2,0,11,EL
71,114,0,0,1,EL
71,118,97,0,2,EL
71,119,92,0,5,EL
71,120,8,0,17,EL
71,121,0,0,4,EL
71,125,20,0,0,EL
72,84,156,52,53,EL
72,85,104,11,14,EL
72,86,0,0,31,EL
72,87,240,368,414,EL
72,88,329,22,80,EL
72,89,10,0,0,EL
72,90,31,0,3,EL
72,91,74,0,11,EL
72,93,354,0,24,EL
72,96,0,0,3,EL
72,105,0,0,6,EL
72,106,18,0,0,EL
72,107,5,0,6,EL
72,108,9,0,24,EL
72,109,0,0,9,EL
72,110,0,0,2,EL
72,113,0,0,2,EL
72,114,0,0,7,EL
72,117,0,0,2,EL
72,118,180,0,4,EL
72,119,0,0,3,EL
72,120,0,0,2,EL
72,121,0,0,9,EL
72,122,0,0,9,EL
72,125,0,0,5,EL
72,127,0,15,16,EL
73,84,164,462,851,EL
73,85,26,79,150,EL
73,86,27,0,241,EL
73,87,440,112,126,EL
73,88,171,0,8,EL
73,89,0,0,1,EL
73,93,19,0,0,EL
73,94,22,0,7,EL
73,99,98,0,54,EL
73,100,1,0,0,EL
73,105,0,0,3,EL
73,107,0,0,1,EL
73,108,5,0,55,EL
73,109,0,0,11,EL
73,114,0,0,6,EL
73,115,0,0,26,EL
73,116,0,0,16,EL
73,117,0,0,10,EL
73,118,67,0,0,EL
73,119,0,0,1,EL
73,120,0,0,14,EL
73,122,0,0,30,EL
73,123,0,0,2,EL
73,124,0,0,7,EL
73,125,0,0,4,EL
73,127,0,4,8,EL
74,83,0,9,24,EL
74,84,1355,5314,4765,EL
74,85,163,153,277,EL
74,86,143,0,3,EL
74,87,45,0,23,EL
74,88,343,268,292,EL
74,89,851,748,594,EL
74,90,1,17,20,EL
74,91,0,0,4,EL
74,92,0,0,28,EL
74,93,0,0,27,EL
74,94,35,0,19,EL
74,95,27,604,509,EL
74,96,355,1120,826,EL
74,97,0,0,17,EL
74,104,28,121,39,EL
74,105,387,259,122,EL
74,106,18,0,5,EL
74,107,0,0,2,EL
74,108,0,0,6,EL
74,109,0,0,36,EL
74,114,1,16,4,EL
74,115,0,0,14,EL
74,116,0,0,5,EL
74,120,0,28,46,EL
74,121,81,34,17,EL
74,123,0,0,2,EL
74,124,0,0,9,EL
75,83,0,8,14,EL
75,84,1235,3042,2143,EL
75,85,238,19,51,EL
75,86,66,0,157,EL
75,88,157,45,22,EL
75,89,709,107,116,EL
75,90,55,0,0,EL
75,93,19,0,54,EL
75,94,102,0,219,EL
75,95,405,43,133,EL
75,96,1124,524,466,EL
75,97,172,48,63,EL
75,98,0,0,9,EL
75,99,0,0,24,EL
75,100,0,0,6,EL
75,101,0,0,4,EL
75,102,0,0,5,EL
75,103,0,0,4,EL
75,104,81,0,1,EL
75,105,112,0,2,EL
75,109,0,0,12,EL
75,112,1,0,0,EL
75,113,22,0,0,EL
75,114,133,296,259,EL
75,115,357,139,95,EL
75,116,0,0,1,EL
75,117,0,0,3,EL
75,118,0,0,1,EL
75,119,15,71,29,EL
75,120,20,29,14,EL
75,121,77,0,0,EL
76,83,5,0,35,EL
76,84,93,0,164,EL
76,85,148,13,116,EL
76,86,75,0,1,EL
76,87,46,0,7,EL
76,88,31,0,6,EL
76,89,0,0,1,EL
76,91,1,0,0,EL
76,93,0,0,1,EL
76,95,5,0,6,EL
76,99,0,0,1,EL
76,100,0,0,1,EL
76,101,0,0,4,EL
76,102,0,0,2,EL
76,109,0,0,10,EL
76,112,4,0,0,EL
76,113,79,0,0,EL
76,115,0,0,7,EL
76,118,0,0,1,EL
76,119,129,112,105,EL
76,120,656,178,150,EL
77,81,0,6,19,EL
77,82,31,34,50,EL
77,83,60,0,9,EL
77,85,68,0,100,EL
77,86,151,0,469,EL
77,87,43,0,14,EL
77,88,71,0,0,EL
77,90,0,0,4,EL
77,93,0,0,5,EL
77,94,0,0,9,EL
77,95,0,0,18,EL
77,97,0,0,10,EL
77,98,27,0,2,EL
77,99,193,0,8,EL
77,100,199,0,1,EL
77,109,0,0,8,EL
77,110,0,0,13,EL
77,114,197,290,254,EL
77,115,106,3,3,EL
77,118,21,0,0,EL
77,119,38,5,8,EL
77,120,633,107,133,EL
77,121,0,0,3,EL
77,122,0,0,17,EL
78,79,0,299,106,EL
78,80,15,69,39,EL
78,81,102,93,156,EL
78,82,58,15,31,EL
78,83,0,0,11,EL
78,84,0,0,6,EL
78,85,80,0,23,EL
78,86,289,320,208,EL
78,87,919,506,329,EL
78,88,67,0,27,EL
78,89,19,0,30,EL
78,90,710,766,615,EL
78,91,627,320,279,EL
78,92,0,0,5,EL
78,93,0,0,8,EL
78,94,0,0,4,EL
78,95,0,0,16,EL
78,97,36,0,30,EL
78,98,242,0,18,EL
78,109,1,0,43,EL
78,110,240,408,277,EL
78,114,0,0,19,EL
78,115,7,0,0,EL
78,116,0,0,2,EL
78,119,0,0,39,EL
78,122,0,0,8,EL
78,123,0,0,9,EL
78,124,0,0,4,EL
79,68,0,18,5,EL
79,69,4,0,3,EL
79,70,8,0,0,EL
79,73,12,0,6,EL
79,74,91,0,68,EL
79,75,258,0,154,EL
79,76,166,0,157,EL
79,77,220,0,120,EL
79,78,59,15,64,EL
79,79,174,747,368,EL
79,80,193,137,97,EL
79,81,13,0,0,EL
79,85,32,0,5,EL
79,86,214,0,22,EL
79,87,239,10,18,EL
79,88,10,0,23,EL
79,89,57,0,38,EL
79,90,166,0,26,EL
79,91,31,0,1,EL
79,95,0,0,4,EL
79,96,0,0,1,EL
79,97,2,0,37,EL
79,98,15,0,28,EL
79,99,0,0,1,EL
79,109,0,0,13,EL
79,110,20,0,7,EL
79,111,0,0,11,EL
79,112,0,0,7,EL
79,113,0,0,9,EL
79,114,0,0,2,EL
79,118,82,0,0,EL
79,119,31,28,28,EL
79,120,0,0,6,EL
79,124,0,0,9,EL
79,127,0,0,7,EL
80,66,0,0,2,EL
80,67,10,0,11,EL
80,68,42,0,9,EL
80,69,0,0,16,EL
80,73,19,0,0,EL
80,74,47,0,0,EL
80,75,27,0,17,EL
80,76,34,0,26,EL
80,77,26,0,32,EL
80,78,177,0,94,EL
80,79,199,41,45,EL
80,85,0,0,1,EL
80,86,0,9,5,EL
80,87,4,0,4,EL
80,88,33,0,2,EL
80,89,9,0,7,EL
80,90,2,0,18,EL
80,91,5,0,0,EL
80,95,0,0,29,EL
80,96,0,0,14,EL
80,97,0,0,11,EL
80,98,0,0,3,EL
80,99,0,0,9,EL
80,109,0,0,4,EL
80,110,0,0,5,EL
80,111,0,0,4,EL
80,112,0,0,8,EL
80,113,0,0,5,EL
80,114,0,0,19,EL
80,118,3,0,15,EL
80,119,215,99,67,EL
80,120,32,0,2,EL
80,121,0,0,13,EL
80,124,0,0,3,EL
80,125,0,0,4,EL
80,127,0,21,15,EL
81,66,2,0,15,EL
81,67,74,0,42,EL
81,68,13,0,9,EL
81,69,0,0,83,EL
81,70,3,0,77,EL
81,71,102,255,136,EL
81,72,0,0,1,EL
81,75,1,0,14,EL
81,76,100,0,73,EL
81,77,228,0,73,EL
81,78,159,0,17,EL
81,87,9,0,0,EL
81,88,3,0,0,EL
81,89,0,0,22,EL
81,90,87,16,52,EL
81,91,0,18,13,EL
81,92,0,0,8,EL
81,93,0,0,40,EL
81,95,0,0,33,EL
81,96,0,0,12,EL
81,97,0,0,11,EL
81,98,0,0,9,EL
81,99,0,0,17,EL
81,108,0,0,2,EL
81,109,0,0,11,EL
81,113,0,0,7,EL
81,114,0,213,208,EL
81,115,0,0,1,EL
81,117,0,0,1,EL
81,120,0,0,13,EL
81,121,0,0,6,EL
81,125,0,0,15,EL
81,126,0,0,18,EL
81,127,0,38,29,EL
82,65,0,0,32,EL
82,66,46,0,60,EL
82,67,11,0,17,EL
82,68,0,0,45,EL
82,69,0,0,1,EL
82,70,16,0,9,EL
82,71,0,0,22,EL
82,72,0,0,9,EL
82,74,0,0,31,EL
82,75,84,0,21,EL
82,76,77,0,0,EL
82,89,24,0,0,EL
82,90,233,382,89,EL
82,91,176,61,81,EL
82,92,7,0,33,EL
82,93,65,0,371,EL
82,94,2,0,38,EL
82,95,0,3,20,EL
82,96,0,2,5,EL
82,99,0,0,20,EL
82,105,0,0,10,EL
82,106,0,0,12,EL
82,107,3,16,19,EL
82,108,0,0,29,EL
82,109,0,0,11,EL
82,110,0,0,1,EL
82,114,87,104,96,EL
82,115,133,49,31,EL
82,116,0,0,6,EL
82,117,0,0,7,EL
82,118,0,0,2,EL
82,119,0,20,19,EL
82,120,60,198,149,EL
82,121,0,0,3,EL
82,125,0,0,5,EL
82,126,0,0,8,EL
82,127,0,0,20,EL
83,64,20,31,10,EL
83,65,0,0,90,EL
83,66,0,0,1,EL
83,67,0,0,14,EL
83,68,0,0,2,EL
83,69,0,0,1,EL
83,72,0,0,17,EL
83,73,10,0,56,EL
83,74,91,0,88,EL
83,75,16,0,0,EL
83,90,610,329,35,EL
83,91,157,0,6,EL
83,92,0,0,6,EL
83,95,0,0,9,EL
83,99,0,0,22,EL
83,100,0,0,11,EL
83,103,0,0,19,EL
83,104,0,0,38,EL
83,105,0,0,2,EL
83,106,0,0,6,EL
83,107,0,0,8,EL
83,108,122,185,90,EL
83,110,52,0,16,EL
83,113,0,0,1,EL
83,114,0,4,22,EL
83,115,490,856,679,EL
83,116,0,0,1,EL
83,117,0,0,10,EL
83,119,0,39,44,EL
83,120,246,0,7,EL
83,121,0,0,6,EL
83,123,0,0,7,EL
83,124,0,0,16,EL
83,125,0,0,6,EL
83,126,0,64,49,EL
84,62,13,61,64,EL
84,63,295,160,19,EL
84,64,67,0,19,EL
84,65,28,0,29,EL
84,67,0,0,22,EL
84,69,0,0,5,EL
84,71,0,0,4,EL
84,73,5,0,15,EL
84,74,15,11,45,EL
84,90,360,32,16,EL
84,91,0,0,2,EL
84,92,0,0,8,EL
84,93,0,0,2,EL
84,94,0,0,6,EL
84,100,12,0,94,EL
84,101,43,328,175,EL
84,102,22,98,76,EL
84,103,1,0,79,EL
84,108,103,21,8,EL
84,114,6,5,9,EL
84,115,724,399,294,EL
84,116,22,0,4,EL
84,118,0,0,19,EL
84,119,0,0,18,EL
84,120,0,0,8,EL
84,121,46,163,130,EL
84,122,135,108,55,EL
84,123,0,0,6,EL
84,125,0,66,57,EL
84,126,302,286,254,EL
85,62,62,0,35,EL
85,63,393,30,54,EL
85,64,74,0,46,EL
85,65,9,0,7,EL
85,66,0,0,4,EL
85,67,0,0,22,EL
85,73,99,216,257,EL
85,74,228,1086,656,EL
85,90,189,0,6,EL
85,92,0,0,3,EL
85,94,0,0,11,EL
85,95,0,0,9,EL
85,99,0,0,14,EL
85,100,121,45,149,EL
85,101,1262,4146,2098,EL
85,102,956,876,787,EL
85,103,25,0,0,EL
85,107,0,0,6,EL
85,108,0,0,1,EL
85,110,0,0,1,EL
85,112,0,0,9,EL
85,115,0,0,27,EL
85,116,0,0,24,EL
85,117,0,0,21,EL
85,118,0,0,14,EL
85,119,0,0,3,EL
85,120,0,0,1,EL
85,121,180,62,42,EL
85,122,208,31,14,EL
85,125,8,0,18,EL
86,55,0,0,57,EL
86,56,0,0,8,EL
86,57,0,0,6,EL
86,58,0,0,1,EL
86,59,0,4,16,EL
86,60,0,25,31,EL
86,64,36,0,79,EL
86,65,0,0,6,EL
86,66,0,0,13,EL
86,73,19,12,40,EL
86,74,651,568,495,EL
86,89,0,0,4,EL
86,90,124,0,177,EL
86,91,0,0,53,EL
86,92,0,0,8,EL
86,93,0,0,15,EL
86,94,0,0,23,EL
86,95,0,0,19,EL
86,96,0,0,12,EL
86,97,0,0,50,EL
86,98,0,0,63,EL
86,99,0,0,1,EL
86,100,0,0,9,EL
86,101,572,387,306,EL
86,102,293,68,37,EL
86,106,0,0,1,EL
86,107,0,0,7,EL
86,111,0,0,3,EL
86,112,0,0,4,EL
86,115,0,0,15,EL
86,116,0,0,20,EL
86,117,0,0,3,EL
86,118,0,0,1,EL
86,120,0,0,2,EL
86,121,0,0,5,EL
86,122,0,0,9,EL
86,124,0,0,5,EL
86,125,0,0,1,EL
87,55,75,42,63,EL
87,56,21,0,16,EL
87,57,106,0,64,EL
87,58,201,138,144,EL
87,59,562,322,556,EL
87,60,252,47,90,EL
87,63,17,0,0,EL
87,64,131,0,37,EL
87,65,5,24,30,EL
87,66,0,0,31,EL
87,72,0,0,9,EL
87,73,72,0,118,EL
87,74,35,0,0,EL
87,89,2,0,375,EL
87,90,208,0,190,EL
87,91,58,0,31,EL
87,93,0,0,1,EL
87,96,0,0,31,EL
87,97,0,0,16,EL
87,98,9,0,2,EL
87,100,2,0,5,EL
87,101,47,0,5,EL
87,103,0,0,1,EL
87,104,0,0,1,EL
87,106,0,0,2,EL
87,107,0,0,1,EL
87,110,0,0,15,EL
87,111,0,0,1,EL
87,115,0,0,12,EL
87,118,0,0,8,EL
87,119,0,0,6,EL
87,120,0,0,16,EL
87,122,0,0,5,EL
87,123,0,0,7,EL
87,124,0,0,11,EL
88,55,4,28,6,EL
88,56,0,90,51,EL
88,57,0,35,46,EL
88,58,25,0,18,EL
88,59,53,0,20,EL
88,61,0,0,6,EL
88,63,21,0,0,EL
88,64,55,661,414,EL
88,65,442,1169,967,EL
88,66,0,0,5,EL
88,68,0,0,7,EL
88,69,18,0,25,EL
88,71,0,8,5,EL
88,72,43,12,19,EL
88,73,85,0,0,EL
88,89,91,0,501,EL
88,90,119,0,8,EL
88,95,0,0,6,EL
88,96,0,0,18,EL
88,100,0,0,5,EL
88,101,0,0,1,EL
88,105,0,0,1,EL
88,106,0,0,1,EL
88,108,0,0,2,EL
88,109,0,0,16,EL
88,115,0,0,7,EL
88,116,0,0,4,EL
88,119,0,0,5,EL
88,123,0,0,2,EL
89,55,0,0,2,EL
89,56,288,500,264,EL
89,57,11,50,29,EL
89,58,16,0,0,EL
89,59,20,0,15,EL
89,60,274,375,231,EL
89,61,0,0,10,EL
89,62,0,0,10,EL
89,63,0,0,28,EL
89,64,49,96,63,EL
89,65,836,770,569,EL
89,66,49,0,80,EL
89,67,0,0,9,EL
89,68,26,0,46,EL
89,69,25,0,6,EL
89,70,25,328,309,EL
89,71,206,676,391,EL
89,72,130,0,0,EL
89,89,269,0,577,EL
89,90,42,0,2,EL
89,95,0,0,15,EL
89,101,0,0,1,EL
89,102,1,0,0,EL
89,106,0,0,8,EL
89,107,0,0,3,EL
89,108,0,0,30,EL
89,109,0,0,2,EL
89,116,0,0,18,EL
89,119,0,0,9,EL
89,123,0,0,7,EL
90,56,2,0,8,EL
90,58,0,0,4,EL
90,60,233,131,11,EL
90,61,64,36,28,EL
90,62,2,0,6,EL
90,65,3,0,0,EL
90,66,85,0,85,EL
90,67,30,63,38,EL
90,68,65,259,312,EL
90,69,19,239,90,EL
90,70,194,183,224,EL
90,71,420,47,36,EL
90,89,272,0,59,EL
90,90,0,0,5,EL
90,92,0,0,11,EL
90,95,0,0,16,EL
90,100,0,0,2,EL
90,107,0,0,4,EL
90,108,0,9,61,EL
90,109,0,0,6,EL
90,110,0,0,2,EL
90,111,0,0,6,EL
90,116,0,0,21,EL
90,117,0,0,1,EL
90,118,0,0,14,EL
90,119,0,0,14,EL
90,120,0,0,6,EL
90,123,0,0,7,EL
91,56,0,1,2,EL
91,57,0,0,1,EL
91,60,3,0,8,EL
91,61,6,0,24,EL
91,62,107,0,49,EL
91,67,70,6,104,EL
91,68,632,554,818,EL
91,69,172,73,18,EL
91,89,42,86,95,EL
91,90,16,0,0,EL
91,95,0,0,15,EL
91,100,0,0,7,EL
91,101,0,0,6,EL
91,102,0,0,17,EL
91,103,0,0,1,EL
91,105,0,0,12,EL
91,106,0,0,19,EL
91,107,129,494,396,EL
91,108,248,382,247,EL
91,117,0,0,22,EL
91,120,0,0,2,EL
91,122,0,0,15,EL
91,123,0,0,28,EL
91,124,0,0,2,EL
91,125,0,0,2,EL
92,61,153,223,177,EL
92,62,182,0,21,EL
92,66,24,0,2,EL
92,67,100,38,18,EL
92,68,15,0,0,EL
92,89,318,213,485,EL
92,90,36,0,9,EL
92,94,0,0,23,EL
92,95,27,0,9,EL
92,101,0,28,2,EL
92,102,0,8,55,EL
92,103,0,0,7,EL
92,104,0,0,4,EL
92,107,18,0,10,EL
92,108,0,0,2,EL
92,112,0,0,2,EL
92,117,0,0,20,EL
92,119,0,0,6,EL
92,120,0,0,20,EL
92,122,0,0,6,EL
92,123,0,0,19,EL
92,126,0,0,15,EL
93,57,111,71,46,EL
93,61,17,0,0,EL
93,62,0,0,9,EL
93,63,0,0,9,EL
93,64,5,101,45,EL
93,65,0,24,35,EL
93,66,201,17,55,EL
93,67,8,0,0,EL
93,89,118,0,88,EL
93,90,27,38,108,EL
93,94,0,0,15,EL
93,101,2,54,89,EL
93,102,552,609,484,EL
93,103,0,0,5,EL
93,106,0,0,2,EL
93,107,0,0,4,EL
93,108,0,0,4,EL
93,110,0,0,2,EL
93,111,0,0,4,EL
93,116,0,0,8,EL
93,117,0,0,32,EL
93,118,0,0,6,EL
93,119,0,0,11,EL
93,122,0,0,37,EL
93,126,0,0,2,EL
94,57,167,54,0,EL
94,62,0,0,11,EL
94,63,0,0,10,EL
94,64,179,559,447,EL
94,65,194,65,146,EL
94,66,39,0,0,EL
94,87,0,0,6,EL
94,88,26,0,35,EL
94,89,0,0,21,EL
94,90,41,0,71,EL
94,91,12,0,37,EL
94,93,4,197,24,EL
94,94,11,84,69,EL
94,100,0,0,1,EL
94,101,0,0,29,EL
94,102,28,0,8,EL
94,103,0,0,6,EL
94,106,0,0,2,EL
94,107,0,0,8,EL
94,109,0,0,8,EL
94,115,0,0,6,EL
94,116,0,0,23,EL
94,117,0,0,13,EL
94,118,0,0,26,EL
94,119,110,0,12,EL
94,120,0,0,2,EL
94,121,1,224,169,EL
94,122,114,570,449,EL
94,123,181,0,0,EL
94,124,0,0,2,EL
94,126,0,0,6,EL
94,127,0,0,15,EL
95,57,17,32,0,EL
95,62,0,0,47,EL
95,63,0,0,6,EL
95,64,43,0,6,EL
95,65,97,0,8,EL
95,87,0,0,1,EL
95,88,1,32,48,EL
95,89,15,0,69,EL
95,90,34,0,10,EL
95,91,22,0,145,EL
95,92,5,0,34,EL
95,93,634,1135,780,EL
95,94,1862,1547,888,EL
95,99,0,0,1,EL
95,100,0,0,16,EL
95,109,0,0,6,EL
95,110,0,0,14,EL
95,111,0,0,4,EL
95,114,0,0,2,EL
95,115,0,253,158,EL
95,116,0,0,54,EL
95,117,0,0,22,EL
95,118,0,0,8,EL
95,120,0,0,11,EL
95,121,147,42,45,EL
95,122,490,93,49,EL
95,123,39,0,0,EL
95,126,0,0,15,EL
96,57,35,0,0,EL
96,62,0,0,3,EL
96,63,3,0,0,EL
96,64,97,25,6,EL
96,88,2,0,11,EL
96,89,13,0,33,EL
96,90,96,18,58,EL
96,91,0,0,7,EL
96,92,7,0,44,EL
96,93,35,0,153,EL
96,94,96,0,55,EL
96,95,0,0,5,EL
96,96,0,0,7,EL
96,97,0,0,11,EL
96,98,0,0,12,EL
96,99,0,0,4,EL
96,101,0,0,6,EL
96,103,0,0,4,EL
96,115,617,1278,922,EL
96,116,977,703,508,EL
96,117,0,0,48,EL
96,118,0,0,3,EL
96,125,0,0,4,EL
96,126,0,0,9,EL
97,57,16,0,8,EL
97,62,0,0,1,EL
97,63,9,0,0,EL
97,64,62,0,0,EL
97,87,0,12,0,EL
97,88,13,0,0,EL
97,89,56,0,15,EL
97,90,473,173,202,EL
97,91,2,68,8,EL
97,92,0,46,0,EL
97,93,16,0,0,EL
97,94,44,0,0,EL
97,96,0,0,1,EL
97,97,0,0,1,EL
97,100,28,80,75,EL
97,101,14,0,16,EL
97,102,0,0,12,EL
97,103,0,0,1,EL
97,115,82,4,0,EL
97,116,519,12,181,EL
97,117,16,0,2,EL
97,118,1,0,0,EL
97,125,0,0,14,EL
98,56,0,273,0,EL
98,57,15,0,0,EL
98,63,159,387,319,EL
98,64,50,0,0,EL
98,87,55,0,26,EL
98,88,67,17,32,EL
98,89,61,0,7,EL
98,97,0,0,1,EL
98,98,0,0,11,EL
98,99,0,0,4,EL
98,100,44,0,1,EL
98,101,43,0,16,EL
98,102,0,0,1,EL
98,112,0,0,17,EL
98,113,0,0,17,EL
98,116,160,0,141,EL
98,119,30,0,0,EL
98,125,0,0,2,EL
98,126,0,0,9,EL
99,55,0,2,0,EL
99,56,1,197,5,EL
99,57,0,0,11,EL
99,62,0,0,4,EL
99,63,727,564,504,EL
99,87,41,14,13,EL
99,88,11,0,9,EL
99,89,0,0,25,EL
99,102,0,0,3,EL
99,103,0,0,7,EL
99,116,116,7,127,EL
99,125,2,236,136,EL
99,126,53,38,27,EL
100,55,53,197,555,EL
100,56,323,137,165,EL
100,60,0,0,1,EL
100,61,0,0,10,EL
100,62,0,0,36,EL
100,63,0,5,39,EL
100,87,64,108,7,EL
100,88,46,0,11,EL
100,92,0,0,2,EL
100,103,0,0,1,EL
100,115,0,0,17,EL
100,116,165,219,367,EL
100,117,418,1186,860,EL
100,118,110,0,0,EL
100,124,7,0,5,EL
100,125,103,264,284,EL
100,126,120,0,3,EL
101,55,38,48,35,EL
101,56,42,0,4,EL
101,57,0,0,8,EL
101,58,0,0,13,EL
101,59,0,0,1,EL
101,62,0,65,43,EL
101,63,5,25,11,EL
101,87,92,320,324,EL
101,88,255,66,140,EL
101,89,0,0,18,EL
101,90,0,69,10,EL
101,91,0,0,2,EL
101,93,0,0,1,EL
101,103,0,0,6,EL
101,112,0,0,18,EL
101,113,0,0,49,EL
101,114,0,0,4,EL
101,116,0,0,2,EL
101,117,311,75,18,EL
101,118,16,0,0,EL
101,124,114,0,25,EL
101,126,0,0,14,EL
102,54,0,0,6,EL
102,55,4,0,18,EL
102,56,5,0,0,EL
102,58,0,0,17,EL
102,59,0,0,4,EL
102,60,0,0,4,EL
102,61,0,0,6,EL
102,62,142,232,198,EL
102,87,37,24,0,EL
102,88,26,0,0,EL
102,90,0,0,3,EL
102,91,0,0,1,EL
102,94,0,0,10,EL
102,103,0,0,6,EL
102,108,0,0,2,EL
102,112,0,0,24,EL
102,113,0,0,27,EL
102,114,0,0,22,EL
102,118,1,0,0,EL
102,119,99,547,467,EL
102,120,0,0,3,EL
102,123,0,0,2,EL
102,124,0,0,2,EL
102,126,0,0,2,EL
103,54,0,0,14,EL
103,55,12,0,0,EL
103,60,0,0,1,EL
103,61,0,0,29,EL
103,62,1016,404,678,EL
103,88,29,0,0,EL
103,93,0,0,10,EL
103,94,0,0,3,EL
103,95,0,0,11,EL
103,96,0,0,25,EL
103,97,0,0,13,EL
103,98,0,63,77,EL
103,99,0,37,19,EL
103,103,0,24,6,EL
103,108,0,0,2,EL
103,109,0,0,7,EL
103,110,0,0,2,EL
103,111,0,23,16,EL
103,112,124,927,573,EL
103,113,146,0,84,EL
103,116,0,0,15,EL
103,119,299,167,137,EL
103,120,67,0,25,EL
103,121,0,0,6,EL
104,54,0,0,2,EL
104,55,0,0,15,EL
104,61,0,0,38,EL
104,62,184,190,13,EL
104,88,11,0,0,EL
104,94,0,0,21,EL
104,97,0,0,11,EL
104,98,0,324,287,EL
104,99,542,377,357,EL
104,100,0,0,2,EL
104,103,0,118,29,EL
104,104,0,67,8,EL
104,110,0,0,21,EL
104,111,0,6,30,EL
104,112,1876,1628,1328,EL
104,113,84,0,0,EL
104,116,0,0,35,EL
104,121,28,0,64,EL
104,122,0,0,2,EL
104,126,0,0,6,EL
105,54,13,65,1,EL
105,55,29,0,1,EL
105,59,0,0,2,EL
105,60,0,21,6,EL
105,61,0,12,23,EL
105,62,158,0,2,EL
105,88,0,15,2,EL
105,94,0,0,24,EL
105,98,0,0,1,EL
105,104,0,0,56,EL
105,105,0,0,35,EL
105,106,0,0,26,EL
105,107,0,0,24,EL
105,108,0,0,31,EL
105,109,0,0,29,EL
105,110,0,0,32,EL
105,111,0,0,10,EL
105,112,0,0,24,EL
105,115,0,0,7,EL
105,116,0,0,15,EL
105,122,0,0,8,EL
106,54,76,16,25,EL
106,55,0,0,1,EL
106,56,0,0,2,EL
106,57,0,142,129,EL
106,58,0,0,8,EL
106,59,0,10,7,EL
106,60,0,0,20,EL
106,61,412,1518,1174,EL
106,62,354,0,3,EL
106,87,55,96,241,EL
106,88,127,246,149,EL
106,89,0,13,2,EL
106,94,0,0,14,EL
106,95,0,0,10,EL
106,97,0,0,5,EL
106,104,0,11,9,EL
106,105,0,0,11,EL
106,107,0,0,11,EL
106,108,0,0,70,EL
106,112,0,0,7,EL
106,121,0,0,4,EL
106,122,0,0,2,EL
107,54,8,0,0,EL
107,55,23,0,0,EL
107,56,0,0,7,EL
107,57,87,152,92,EL
107,58,68,0,21,EL
107,59,10,0,2,EL
107,60,0,0,20,EL
107,61,928,232,512,EL
107,86,0,0,49,EL
107,87,1056,830,895,EL
107,88,1289,1221,646,EL
107,89,325,120,102,EL
107,90,0,0,1,EL
107,94,0,0,7,EL
107,95,0,0,4,EL
107,96,0,0,4,EL
107,98,0,0,15,EL
107,102,0,0,2,EL
107,103,0,0,9,EL
107,104,0,27,26,EL
107,105,0,0,3,EL
107,106,0,0,1,EL
107,107,0,0,4,EL
107,121,18,0,10,EL
107,122,16,0,6,EL
108,57,1,0,0,EL
108,58,87,0,75,EL
108,60,0,0,5,EL
108,61,132,55,8,EL
108,85,0,4,5,EL
108,86,199,31,89,EL
108,87,267,90,103,EL
108,88,2,0,0,EL
108,91,219,928,492,EL
108,92,0,0,12,EL
108,93,0,0,7,EL
108,94,0,0,1,EL
108,95,0,3,1,EL
108,96,0,31,7,EL
108,98,63,0,0,EL
108,100,0,3,16,EL
108,101,0,0,1,EL
108,102,0,0,12,EL
108,103,0,0,1,EL
108,104,0,0,2,EL
108,105,0,0,14,EL
108,106,0,0,3,EL
108,121,0,0,2,EL
108,122,4,209,209,EL
108,123,160,143,93,EL
109,58,2,0,0,EL
109,60,0,4,2,EL
109,61,53,1,17,EL
109,85,0,0,16,EL
109,86,0,2,12,EL
109,87,91,0,87,EL
109,88,0,0,63,EL
109,89,0,0,50,EL
109,90,0,0,21,EL
109,91,1253,786,429,EL
109,92,0,0,3,EL
109,93,0,6,0,EL
109,100,0,15,5,EL
109,101,310,296,240,EL
109,102,0,19,11,EL
109,104,0,0,5,EL
109,105,0,0,8,EL
109,106,0,0,6,EL
109,122,120,422,328,EL
109,123,321,94,47,EL
110,57,31,0,0,EL
110,58,0,0,3,EL
110,59,0,0,3,EL
110,60,10,14,37,EL
110,61,3,0,55,EL
110,88,0,0,6,EL
110,89,0,0,37,EL
110,90,14,0,20,EL
110,91,13,0,31,EL
110,101,113,9,0,EL
110,103,0,0,8,EL
110,104,0,0,1,EL
110,105,15,0,8,EL
110,106,0,0,6,EL
110,121,0,0,4,EL
110,122,0,45,10,EL
111,57,140,542,445,EL
111,58,76,0,7,EL
111,59,12,0,11,EL
111,60,48,7,20,EL
111,61,0,0,9,EL
111,84,0,0,9,EL
111,89,1,0,42,EL
111,90,69,21,90,EL
111,91,54,0,6,EL
111,104,0,0,4,EL
111,105,0,0,5,EL
111,106,0,0,19,EL
111,121,0,0,5,EL
111,122,0,0,6,EL
112,57,358,278,206,EL
112,58,81,0,48,EL
112,59,15,0,4,EL
112,60,12,0,11,EL
112,84,0,0,8,EL
112,89,0,0,5,EL
112,90,93,9,94,EL
112,106,0,0,9,EL
112,107,0,0,3,EL
112,109,0,0,4,EL
112,113,0,0,1,EL
112,120,0,0,4,EL
112,121,0,0,7,EL
112,122,0,0,4,EL
113,57,18,0,9,EL
113,58,44,0,20,EL
113,59,0,0,1,EL
113,80,0,0,2,EL
113,81,0,0,34,EL
113,82,5,0,44,EL
113,83,0,0,2,EL
113,89,8,9,27,EL
113,90,14,0,1,EL
113,107,0,0,4,EL
113,108,0,0,13,EL
113,112,0,0,1,EL
113,120,0,0,5,EL
113,121,0,0,14,EL
113,122,0,7,24,EL
113,127,0,0,4,EL
114,56,50,0,30,EL
114,57,28,0,2,EL
114,80,105,78,101,EL
114,81,18,0,7,EL
114,82,0,0,14,EL
114,88,0,0,16,EL
114,89,48,0,0,EL
114,90,12,0,0,EL
114,106,0,0,13,EL
114,107,0,0,14,EL
114,108,32,272,182,EL
114,109,444,237,160,EL
114,112,0,0,9,EL
114,121,24,95,107,EL
114,122,205,762,465,EL
114,123,0,0,13,EL
114,124,0,0,27,EL
114,125,0,0,31,EL
114,126,0,0,27,EL
114,127,0,0,4,EL
115,56,0,0,12,EL
115,79,0,0,85,EL
115,80,31,0,7,EL
115,86,0,0,1,EL
115,87,0,0,6,EL
115,88,4,0,0,EL
115,89,1,0,0,EL
115,90,8,0,0,EL
115,104,0,14,1,EL
115,105,0,0,3,EL
115,106,0,0,11,EL
115,108,0,0,1,EL
115,109,159,0,0,EL
115,112,0,0,5,EL
115,115,0,0,13,EL
115,116,3,0,2,EL
115,117,0,2,0,EL
115,121,0,6,12,EL
115,122,1243,187,451,EL
115,123,234,0,0,EL
115,124,0,0,2,EL
116,55,0,0,1,EL
116,79,0,0,66,EL
116,85,0,0,7,EL
116,86,0,0,81,EL
116,89,0,2,0,EL
116,105,0,0,40,EL
116,106,0,0,21,EL
116,108,0,0,5,EL
116,113,0,0,3,EL
116,114,0,73,2,EL
117,57,0,5,2,EL
117,78,0,0,36,EL
117,79,0,0,28,EL
117,85,0,0,9,EL
117,86,11,0,8,EL
117,106,0,20,10,EL
117,108,0,0,3,EL
117,113,0,0,2,EL
118,57,0,6,0,EL
118,75,0,679,440,EL
118,76,241,350,679,EL
118,77,23,0,60,EL
118,82,0,0,3,EL
118,83,0,0,2,EL
118,85,0,65,36,EL
118,86,16,35,66,EL
118,106,0,14,5,EL
118,112,23,0,36,EL
118,113,0,0,9,EL
119,75,338,1146,782,EL
119,76,1263,747,464,EL
119,77,0,0,3,EL
119,83,0,0,3,EL
119,85,6,0,15,EL
119,86,103,0,86,EL
119,107,0,0,7,EL
119,108,0,0,10,EL
119,110,0,0,5,EL
119,111,8,0,23,EL
119,112,29,0,35,EL
119,127,0,0,7,EL
120,72,0,0,3,EL
120,73,0,0,9,EL
120,74,0,96,73,EL
120,75,42,41,155,EL
120,77,0,0,19,EL
120,78,0,0,2,EL
120,83,0,0,3,EL
120,84,8,0,0,EL
120,85,0,0,6,EL
120,86,15,0,0,EL
120,108,0,0,6,EL
120,109,0,0,48,EL
120,110,22,145,273,EL
120,111,26,0,7,EL
121,71,0,0,2,EL
121,72,0,0,41,EL
121,73,16,0,111,EL
121,74,52,26,37,EL
121,75,60,0,54,EL
121,78,0,0,5,EL
121,79,0,21,31,EL
121,82,0,0,10,EL
121,107,0,0,7,EL
121,108,0,0,41,EL
121,109,0,163,46,EL
121,110,1888,2938,2458,EL
121,111,145,0,35,EL
121,124,0,0,6,EL
121,125,0,0,2,EL
122,70,0,11,0,EL
122,72,0,0,24,EL
122,75,10,0,0,EL
122,106,0,66,48,EL
122,107,0,0,65,EL
122,108,0,0,33,EL
122,109,0,0,27,EL
122,110,313,8,87,EL
123,68,0,34,10,EL
123,69,0,0,5,EL
123,70,0,0,12,EL
123,71,0,0,26,EL
123,72,0,0,3,EL
123,108,0,0,3,EL
123,109,0,0,30,EL
123,110,0,4,2,EL
124,68,0,0,7,EL
124,69,0,0,25,EL
124,70,0,0,19,EL
124,71,0,0,5,EL
124,84,0,0,1,EL
124,85,0,0,12,EL
124,103,0,0,7,EL
124,107,0,0,11,EL
124,108,0,0,2,EL
124,109,0,15,61,EL
125,68,0,2,3,EL
125,69,0,0,17,EL
125,70,0,0,7,EL
125,81,0,0,8,EL
125,102,0,0,12,EL
125,103,9,0,12,EL
125,104,4,0,10,EL
125,107,0,0,23,EL
125,108,0,0,70,EL
125,109,806,972,720,EL
126,69,0,5,14,EL
126,80,0,0,21,EL
126,84,0,0,10,EL
126,102,16,0,42,EL
126,103,125,325,218,EL
126,104,196,216,172,EL
126,107,76,8,104,EL
126,108,0,0,3,EL
126,109,728,162,152,EL
127,68,0,0,11,EL
127,69,0,0,7,EL
127,84,0,0,22,EL
127,102,45,0,37,EL
127,106,0,0,5,EL
127,107,0,0,19,EL
127,109,0,0,3,EL
