x,y,CNTR_ID,dlt,tcd
0,116,IT,,53
0,117,IT,,34
0,118,IT,,29
0,119,IT,,7
0,120,IT,,24
0,122,IT,,42
0,123,IT,1,21
0,124,IT,,54
0,125,IT,1,65
0,126,IT,1,59
0,127,IT,1,67
1,115,IT,,68
1,116,IT,,22
1,117,IT,,46
1,118,IT,,11
1,119,IT,,6
1,120,IT,,16
1,121,IT,,18
1,122,IT,1,34
1,123,IT,1,55
1,124,IT,1,57
1,125,IT,1,62
1,126,IT,1,56
1,127,IT,1,59
2,115,IT,,21
2,116,IT,,14
2,117,IT,,6
2,118,IT,,40
2,119,IT,,35
2,120,IT,,17
2,121,IT,,55
2,122,IT,1,39
2,123,IT,1,28
2,124,IT,1,34
2,125,IT,1,19
2,126,IT,1,53
2,127,IT,1,56
3,115,IT,,33
3,116,IT,,18
3,117,IT,1,33
3,118,IT,,19
3,119,IT,,61
3,120,IT,,67
3,121,IT,1,75
3,122,IT,1,64
3,123,IT,1,78
3,124,IT,1,71
3,125,IT,1,48
3,126,IT,1,66
3,127,IT,,59
4,114,IT,,43
4,115,IT,,16
4,116,IT,,37
4,117,IT,1,43
4,118,IT,1,11
4,119,IT,,36
4,120,IT,,36
4,121,IT,1,62
4,122,IT,1,58
4,123,IT,1,42
4,124,IT,1,40
4,125,IT,1,51
4,126,IT,1,27
4,127,IT,1,60
5,114,IT,,27
5,115,IT,,7
5,116,IT,1,36
5,117,IT,1,38
5,118,IT,,12
5,119,IT,1,38
5,120,IT,1,44
5,121,IT,1,76
5,122,IT,1,71
5,123,IT,1,52
5,124,IT,1,63
5,125,IT,1,41
5,126,IT,1,31
5,127,IT,1,44
6,113,IT,,65
6,115,IT,,28
6,116,IT,1,24
6,117,IT,1,11
6,118,IT,1,45
6,119,IT,1,68
6,120,IT,,62
6,121,IT,1,50
6,122,IT,,55
6,123,IT,1,52
6,124,IT,1,50
6,125,IT,1,34
6,126,IT,1,21
6,127,IT,1,30
7,115,IT,,59
7,116,IT,,13
7,117,IT,,12
7,118,IT,1,69
7,119,IT,1,72
7,120,IT,1,69
7,121,IT,1,36
7,122,IT,1,35
7,123,IT,1,50
7,124,IT,1,44
7,125,IT,1,27
7,126,IT,,23
7,127,IT,,15
8,116,IT,,9
8,117,IT,,25
8,118,IT,1,61
8,119,IT,1,41
8,120,IT,1,39
8,121,IT,1,37
8,122,IT,1,55
8,123,IT,1,28
8,124,IT,1,33
8,125,IT,1,57
8,126,IT,,20
9,116,IT,,9
9,117,IT,,51
9,118,IT,,10
9,119,IT,1,41
9,120,IT,1,61
9,121,IT,1,50
9,122,IT,1,62
9,123,IT,,16
9,125,IT,1,13
9,126,IT,,28
9,127,IT,,26
10,116,IT,1,13
10,117,IT,1,33
10,119,IT,1,42
10,120,IT,1,50
10,121,IT,,41
10,122,IT,1,21
10,123,IT,1,49
10,124,IT,,49
10,125,IT,,20
10,126,IT,,3
11,116,IT,1,18
11,117,IT,,20
11,118,IT,,18
11,119,IT,1,39
11,120,IT,1,63
11,121,IT,1,49
11,122,IT,1,30
11,123,IT,1,21
11,124,IT,1,51
11,125,IT,,9
12,116,IT,1,
12,117,IT,,10
12,118,IT,,23
12,119,IT,,40
12,120,IT,1,17
12,121,IT,1,48
12,122,IT,,58
12,123,IT,1,57
12,124,IT,,33
12,125,IT,,17
12,127,IT,,23
13,116,IT,1,40
13,117,IT,,18
13,118,IT,,10
13,119,IT,,7
13,120,IT,1,
13,121,IT,1,30
13,122,IT,1,69
13,123,IT,,75
13,124,IT,,15
13,126,IT,,31
13,127,IT,,10
14,115,IT,,63
14,116,IT,,38
14,117,IT,1,65
14,118,IT,1,58
14,119,IT,,41
14,120,IT,1,23
14,121,IT,,48
14,122,IT,1,45
14,123,IT,1,69
14,124,IT,,15
14,125,IT,,12
14,126,IT,,22
15,114,IT,,20
15,115,IT,,2
15,116,IT,,25
15,117,IT,,35
15,118,IT,1,20
15,119,IT,,38
15,120,IT,,35
15,121,IT,,27
15,122,IT,,64
15,123,IT,,78
15,124,IT,,33
15,125,IT,,39
15,126,IT,,8
16,113,IT,,82
16,115,IT,,34
16,117,IT,1,
16,118,IT,,17
16,119,IT,1,19
16,120,IT,1,13
16,121,IT,,23
16,122,IT,,43
16,123,IT,,64
16,124,IT,,31
16,125,IT,,48
16,126,IT,,6
17,113,IT,,15
17,115,IT,,23
17,116,IT,,12
17,117,IT,,18
17,118,IT,,36
17,119,IT,,40
17,120,IT,1,10
17,121,IT,1,44
17,122,IT,1,27
17,123,IT,,73
17,124,IT,,17
17,125,IT,,3
17,126,IT,1,10
17,127,IT,,16
18,111,IT,,36
18,112,IT,,29
18,114,IT,1,1
18,115,IT,1,21
18,116,IT,,36
18,117,IT,,26
18,118,IT,,37
18,119,IT,1,26
18,120,IT,1,28
18,121,IT,1,78
18,122,IT,,50
18,123,IT,1,52
18,124,IT,,22
18,125,IT,,20
18,126,IT,,30
18,127,IT,,3
19,110,IT,,31
19,111,IT,,44
19,112,IT,,41
19,114,IT,1,18
19,115,IT,1,11
19,116,IT,,33
19,117,IT,,11
19,118,IT,,16
19,119,IT,1,37
19,120,IT,1,55
19,121,IT,,35
19,122,IT,,18
19,123,IT,,49
19,124,IT,1,36
19,125,IT,1,35
19,126,IT,,14
19,127,IT,,44
20,86,IT,,63
20,87,IT,,66
20,108,IT,,84
20,111,IT,,4
20,112,IT,,20
20,113,IT,,2
20,114,IT,1,33
20,115,IT,1,59
20,116,IT,,65
20,117,IT,,59
20,118,IT,,69
20,119,IT,1,73
20,120,IT,1,63
20,121,IT,,57
20,122,IT,,48
20,123,IT,,5
20,124,IT,,50
20,125,IT,1,16
20,126,IT,,14
21,86,IT,1,12
21,87,IT,1,60
21,88,IT,,32
21,108,IT,,5
21,109,IT,,15
21,110,IT,,20
21,111,IT,,40
21,112,IT,1,79
21,113,IT,,40
21,114,IT,1,44
21,115,IT,1,54
21,116,IT,1,38
21,117,IT,1,64
21,118,IT,1,77
21,119,IT,1,72
21,120,IT,1,27
21,121,IT,1,39
21,122,IT,1,24
21,123,IT,,34
21,124,IT,1,70
21,125,IT,1,60
21,126,IT,,29
21,127,IT,,19
22,86,IT,1,59
22,87,IT,1,83
22,88,IT,,30
22,104,IT,,40
22,105,IT,,26
22,108,IT,,11
22,109,IT,,28
22,110,IT,,23
22,111,IT,1,34
22,112,IT,1,60
22,113,IT,1,78
22,114,IT,,35
22,115,IT,,63
22,116,IT,1,52
22,117,IT,1,66
22,118,IT,1,75
22,119,IT,1,74
22,120,IT,1,38
22,121,IT,1,68
22,122,IT,1,35
22,123,IT,1,68
22,124,IT,1,79
22,125,IT,1,56
22,126,IT,,25
22,127,IT,,45
23,86,IT,1,97
23,87,IT,1,64
23,88,IT,1,13
23,103,IT,,26
23,108,IT,,19
23,109,IT,,13
23,110,IT,1,18
23,111,IT,1,61
23,112,IT,1,55
23,113,IT,1,46
23,114,IT,1,38
23,115,IT,1,15
23,116,IT,1,52
23,117,IT,1,70
23,118,IT,1,72
23,119,IT,1,48
23,120,IT,1,76
23,121,IT,1,54
23,122,IT,1,70
23,123,IT,1,80
23,124,IT,1,46
23,125,IT,,33
23,126,IT,1,51
24,87,IT,,83
24,102,IT,,29
24,103,IT,,2
24,107,IT,,22
24,108,IT,,19
24,109,IT,1,40
24,110,IT,1,21
24,111,IT,1,54
24,112,IT,1,24
24,113,IT,1,20
24,114,IT,,41
24,115,IT,1,59
24,116,IT,1,74
24,117,IT,1,64
24,118,IT,1,41
24,119,IT,1,58
24,120,IT,1,68
24,121,IT,1,73
24,122,IT,1,79
24,123,IT,,53
24,124,IT,,19
24,125,IT,1,62
24,126,IT,1,31
24,127,IT,1,18
25,101,IT,,22
25,108,IT,,29
25,109,IT,,16
25,110,IT,,10
25,111,IT,1,10
25,112,IT,,13
25,113,IT,,16
25,114,IT,1,70
25,115,IT,1,40
25,116,IT,1,74
25,117,IT,1,66
25,118,IT,1,76
25,119,IT,1,72
25,120,IT,1,77
25,121,IT,1,31
25,122,IT,1,54
25,123,IT,1,33
25,124,IT,1,49
25,125,IT,1,66
25,126,IT,1,68
25,127,IT,1,26
26,88,IT,,93
26,99,IT,,74
26,106,IT,,2
26,107,IT,,12
26,110,IT,,17
26,111,IT,,19
26,112,IT,,59
26,113,IT,,18
26,114,IT,,18
26,115,IT,1,38
26,116,IT,1,63
26,117,IT,1,71
26,118,IT,1,76
26,119,IT,1,41
26,120,IT,1,71
26,121,IT,1,39
26,122,IT,1,17
26,123,IT,1,56
26,124,IT,1,67
26,125,IT,1,55
26,126,IT,1,62
26,127,IT,,14
27,96,IT,,79
27,97,IT,,70
27,98,IT,,10
27,99,IT,,6
27,106,IT,,1
27,107,IT,,9
27,110,IT,,24
27,111,IT,,33
27,112,IT,,48
27,113,IT,1,42
27,114,IT,,45
27,115,IT,1,62
27,116,IT,1,58
27,117,IT,1,82
27,118,IT,1,74
27,119,IT,1,57
27,120,IT,1,26
27,121,IT,1,5
27,122,IT,,12
27,123,IT,1,31
27,124,IT,1,77
27,125,IT,1,44
27,126,IT,1,59
27,127,IT,,18
28,94,IT,,50
28,95,IT,1,21
28,96,IT,,14
28,97,IT,,14
28,99,IT,,4
28,100,IT,,16
28,106,IT,,2
28,107,IT,,13
28,110,IT,,10
28,111,IT,,17
28,112,IT,,8
28,113,IT,1,11
28,114,IT,1,52
28,115,IT,,61
28,116,IT,1,39
28,117,IT,1,42
28,118,IT,1,63
28,119,IT,1,67
28,120,IT,1,59
28,121,IT,1,41
28,122,IT,,20
28,124,IT,1,42
28,125,IT,1,37
28,126,IT,1,37
28,127,IT,,18
29,91,IT,,33
29,92,IT,,49
29,93,IT,,42
29,94,IT,,31
29,95,IT,,5
29,97,IT,,6
29,98,IT,,13
29,99,IT,,10
29,100,IT,,7
29,106,IT,,1
29,107,IT,,6
29,108,IT,,35
29,110,IT,,16
29,111,IT,,56
29,112,IT,,6
29,113,IT,,4
29,114,IT,1,16
29,115,IT,1,24
29,116,IT,,33
29,117,IT,,48
29,118,IT,,12
29,119,IT,1,26
29,120,IT,,30
29,121,IT,,16
29,122,IT,1,6
29,123,IT,1,6
29,124,IT,1,7
29,125,IT,,47
29,126,IT,,75
29,127,IT,1,55
30,93,IT,,58
30,94,IT,1,36
30,95,IT,1,15
30,96,IT,,8
30,97,IT,,24
30,108,IT,,27
30,111,IT,1,36
30,112,IT,,24
30,113,IT,,21
30,114,IT,,21
30,115,IT,1,27
30,116,IT,,36
30,117,IT,,25
30,119,IT,,44
30,120,IT,,49
30,121,IT,,63
30,122,IT,1,9
30,123,IT,,30
30,124,IT,,23
30,125,IT,1,73
30,126,IT,1,62
30,127,IT,1,46
31,93,IT,,24
31,94,IT,,26
31,95,IT,,39
31,96,IT,,6
31,97,IT,,4
31,99,IT,,10
31,101,IT,,3
31,102,IT,,7
31,108,IT,,55
31,111,IT,,21
31,112,IT,1,54
31,113,IT,1,59
31,114,IT,,30
31,115,IT,1,24
31,116,IT,1,79
31,117,IT,,24
31,118,IT,,34
31,119,IT,,4
31,120,IT,1,11
31,121,IT,1,60
31,122,IT,,71
31,123,IT,,15
31,124,IT,,38
31,125,IT,1,59
31,126,IT,1,35
31,127,IT,,3
32,94,IT,,60
32,95,IT,,20
32,96,IT,,3
32,97,IT,,3
32,99,IT,,22
32,100,IT,,27
32,101,IT,,5
32,102,IT,,11
32,103,IT,,8
32,104,IT,,11
32,108,IT,,20
32,111,IT,1,
32,112,IT,1,18
32,113,IT,,36
32,114,IT,,25
32,115,IT,1,25
32,116,IT,1,83
32,117,IT,1,14
32,118,IT,,19
32,119,IT,,3
32,120,IT,,13
32,121,IT,1,47
32,122,IT,1,66
32,123,IT,,20
32,125,IT,1,19
32,126,IT,,4
33,92,IT,,7
33,93,IT,,31
33,94,IT,1,16
33,95,IT,1,26
33,96,IT,1,1
33,99,IT,,2
33,100,IT,,11
33,104,IT,,1
33,105,IT,,13
33,108,IT,,2
33,109,IT,,37
33,110,IT,,25
33,111,IT,1,9
33,112,IT,,1
33,113,IT,,1
33,114,IT,,27
33,115,IT,1,74
33,116,IT,1,80
33,117,IT,1,34
33,119,IT,,19
33,120,IT,,56
33,121,IT,1,43
33,122,IT,,14
33,123,IT,,54
33,124,IT,1,38
33,125,IT,1,60
33,126,IT,1,38
33,127,IT,,59
34,92,IT,,42
34,93,IT,,17
34,94,IT,,44
34,95,IT,1,74
34,96,IT,1,37
34,97,IT,,39
34,98,IT,,1
34,99,IT,,4
34,100,IT,,27
34,101,IT,,6
34,104,IT,,27
34,105,IT,,40
34,108,IT,,8
34,109,IT,,27
34,110,IT,,19
34,111,IT,,10
34,112,IT,1,
34,113,IT,1,40
34,114,IT,1,63
34,115,IT,1,78
34,116,IT,1,79
34,117,IT,1,76
34,118,IT,,31
34,119,IT,1,70
34,120,IT,1,37
34,121,IT,,10
34,122,IT,,8
34,123,IT,1,26
34,124,IT,1,42
34,125,IT,1,75
34,126,IT,1,74
34,127,IT,,78
35,78,IT,,36
35,93,IT,,50
35,94,IT,,13
35,95,IT,1,
35,96,IT,,12
35,97,IT,,38
35,98,IT,,17
35,99,IT,,43
35,108,IT,,5
35,109,IT,,49
35,110,IT,,34
35,111,IT,,31
35,112,IT,,25
35,113,IT,1,33
35,114,IT,1,37
35,115,IT,1,66
35,116,IT,1,40
35,117,IT,1,69
35,118,IT,1,31
35,119,IT,1,70
35,120,IT,1,17
35,122,IT,,21
35,123,IT,1,68
35,124,IT,1,81
35,125,IT,1,86
35,126,IT,1,80
35,127,IT,,72
36,78,IT,,12
36,94,IT,,11
36,95,IT,,31
36,96,IT,,6
36,99,IT,,10
36,105,IT,,35
36,108,IT,,11
36,109,IT,,45
36,110,IT,,21
36,111,IT,,33
36,112,IT,,65
36,113,IT,1,59
36,114,IT,1,78
36,115,IT,1,71
36,116,IT,1,61
36,117,IT,1,75
36,118,IT,1,85
36,119,IT,1,35
36,120,IT,1,28
36,121,IT,1,1
36,122,IT,1,15
36,123,IT,1,73
36,124,IT,1,90
36,125,IT,1,89
36,126,IT,1,83
36,127,IT,1,83
37,78,IT,,81
37,94,IT,,31
37,95,IT,,24
37,96,IT,,17
37,101,IT,,23
37,108,IT,,10
37,109,IT,,75
37,110,IT,,65
37,113,IT,1,24
37,114,IT,,42
37,115,IT,1,58
37,116,IT,1,53
37,117,IT,1,56
37,118,IT,1,68
37,119,IT,,38
37,120,IT,,60
37,121,IT,,6
37,122,IT,1,28
37,123,IT,1,87
37,124,IT,1,88
37,125,IT,1,87
37,126,IT,1,63
37,127,IT,1,59
38,94,IT,,31
38,101,IT,,7
38,103,IT,,19
38,107,IT,,8
38,108,IT,,36
38,109,IT,1,48
38,110,IT,,55
38,113,IT,1,39
38,114,IT,1,23
38,115,IT,1,68
38,116,IT,1,80
38,117,IT,1,65
38,118,IT,,6
38,119,IT,,21
38,120,IT,,7
38,122,IT,1,11
38,123,IT,1,80
38,124,IT,1,89
38,125,IT,1,84
38,126,IT,1,63
38,127,IT,1,74
39,94,IT,,14
39,97,IT,,15
39,101,IT,,21
39,102,IT,,13
39,107,IT,,16
39,108,IT,,13
39,109,IT,,30
39,110,IT,,27
39,112,IT,,42
39,113,IT,1,13
39,114,IT,1,58
39,115,IT,1,77
39,116,IT,1,33
39,117,IT,,6
39,118,IT,,23
39,119,IT,,30
39,122,IT,1,6
39,123,IT,1,77
39,124,IT,1,84
39,125,IT,1,61
39,126,IT,1,27
39,127,IT,1,48
40,93,IT,,9
40,97,IT,,2
40,100,IT,,20
40,101,IT,,16
40,102,IT,,2
40,105,IT,,6
40,106,IT,,5
40,108,IT,,8
40,109,IT,1,33
40,110,IT,,11
40,111,IT,,16
40,112,IT,1,21
40,113,IT,,32
40,114,IT,1,3
40,115,IT,1,40
40,117,IT,,24
40,118,IT,1,43
40,119,IT,,32
40,120,IT,,18
40,122,IT,,2
40,123,IT,1,50
40,124,IT,1,81
40,125,IT,1,47
40,126,IT,,25
40,127,IT,,3
41,80,IT,,34
41,81,IT,1,42
41,82,IT,,45
41,92,IT,,19
41,95,IT,,21
41,96,IT,,1
41,101,IT,,44
41,104,IT,,30
41,105,IT,,8
41,106,IT,,10
41,107,IT,1,51
41,108,IT,1,33
41,109,IT,1,46
41,110,IT,1,8
41,112,IT,,47
41,113,IT,,35
41,114,IT,,16
41,115,IT,,43
41,116,IT,,31
41,117,IT,,40
41,118,IT,1,74
41,119,IT,1,55
41,121,IT,,14
41,122,IT,1,45
41,123,IT,1,82
41,124,IT,1,78
41,125,IT,1,70
41,126,IT,,9
42,81,IT,,18
42,82,IT,1,30
42,92,IT,,30
42,93,IT,,21
42,94,IT,,11
42,95,IT,,14
42,96,IT,,10
42,97,IT,,54
42,98,IT,,14
42,104,IT,1,44
42,105,IT,1,10
42,106,IT,1,49
42,107,IT,,14
42,108,IT,1,40
42,109,IT,1,62
42,110,IT,,57
42,111,IT,,9
42,112,IT,,51
42,113,IT,,3
42,114,IT,,62
42,115,IT,,8
42,116,IT,1,
42,118,IT,1,
42,119,IT,1,50
42,120,IT,,19
42,121,IT,,23
42,122,IT,1,78
42,123,IT,1,86
42,124,IT,1,86
42,125,IT,1,73
42,126,IT,,24
42,127,IT,,49
43,81,IT,1,96
43,82,IT,1,60
43,90,IT,,69
43,91,IT,,20
43,92,IT,,43
43,93,IT,,35
43,94,IT,1,43
43,95,IT,1,63
43,96,IT,1,13
43,97,IT,,18
43,98,IT,,13
43,99,IT,,3
43,101,IT,,4
43,103,IT,,5
43,104,IT,,41
43,105,IT,,19
43,106,IT,1,29
43,107,IT,1,30
43,108,IT,1,38
43,109,IT,1,62
43,110,IT,1,17
43,112,IT,1,11
43,113,IT,1,7
43,114,IT,,66
43,115,IT,,18
43,116,IT,1,
43,118,IT,1,24
43,119,IT,1,18
43,120,IT,1,51
43,121,IT,1,65
43,122,IT,1,90
43,123,IT,1,91
43,124,IT,1,81
43,125,IT,1,48
43,126,IT,1,68
43,127,IT,1,96
44,82,IT,1,54
44,83,IT,,49
44,84,IT,,49
44,90,IT,,53
44,91,IT,,18
44,92,IT,2,45
44,93,IT,,36
44,94,IT,1,41
44,95,IT,1,82
44,96,IT,,55
44,97,IT,,10
44,98,IT,1,21
44,99,IT,,17
44,101,IT,,23
44,102,IT,1,
44,103,IT,1,29
44,104,IT,,22
44,105,IT,1,10
44,106,IT,1,50
44,107,IT,1,47
44,108,IT,,51
44,109,IT,1,51
44,110,IT,,36
44,111,IT,1,14
44,113,IT,,30
44,114,IT,,22
44,115,IT,,4
44,116,IT,,34
44,117,IT,1,34
44,118,IT,,51
44,119,IT,1,29
44,120,IT,1,72
44,121,IT,1,89
44,122,IT,1,64
44,123,IT,1,84
44,124,IT,1,88
44,125,IT,,92
44,126,IT,1,97
44,127,IT,1,95
45,83,IT,1,70
45,84,IT,1,65
45,85,IT,1,67
45,90,IT,,14
45,91,IT,,13
45,92,IT,,41
45,93,IT,,52
45,94,IT,1,61
45,95,IT,1,65
45,96,IT,,60
45,97,IT,,20
45,98,IT,,29
45,103,IT,,19
45,104,IT,,42
45,105,IT,,5
45,106,IT,1,17
45,107,IT,1,43
45,108,IT,1,43
45,109,IT,,45
45,110,IT,1,56
45,111,IT,,35
45,112,IT,1,24
45,113,IT,,22
45,114,IT,,20
45,115,IT,,14
45,116,IT,1,15
45,117,IT,1,50
45,118,IT,1,72
45,119,IT,1,59
45,120,IT,1,59
45,121,IT,1,44
45,122,IT,1,31
45,123,IT,1,37
45,124,IT,1,75
45,125,IT,1,81
45,126,IT,1,89
45,127,IT,1,89
46,83,IT,1,36
46,84,IT,1,41
46,85,IT,1,63
46,86,IT,1,36
46,90,IT,,22
46,91,IT,,31
46,92,IT,,32
46,93,IT,,58
46,94,IT,1,50
46,95,IT,1,18
46,96,IT,1,30
46,97,IT,1,34
46,98,IT,,27
46,99,IT,,31
46,103,IT,,30
46,104,IT,,24
46,105,IT,1,37
46,106,IT,1,45
46,107,IT,1,74
46,108,IT,1,19
46,109,IT,1,36
46,110,IT,1,57
46,111,IT,1,60
46,112,IT,1,81
46,113,IT,,62
46,115,IT,,23
46,116,IT,1,21
46,117,IT,1,50
46,118,IT,1,36
46,119,IT,1,63
46,120,IT,1,64
46,121,IT,1,58
46,122,IT,,9
46,123,IT,1,
46,124,IT,1,7
46,125,IT,1,67
46,126,IT,1,77
46,127,IT,1,67
47,83,IT,,77
47,84,IT,,22
47,85,IT,1,70
47,86,IT,,38
47,87,IT,,38
47,90,IT,,15
47,91,IT,,11
47,92,IT,,34
47,93,IT,,54
47,94,IT,,49
47,95,IT,,7
47,96,IT,,16
47,97,IT,,41
47,98,IT,,3
47,99,IT,,41
47,100,IT,,26
47,101,IT,,17
47,102,IT,,55
47,103,IT,1,34
47,104,IT,1,53
47,105,IT,1,51
47,106,IT,1,16
47,107,IT,1,74
47,108,IT,1,36
47,109,IT,1,58
47,110,IT,1,67
47,111,IT,1,33
47,112,IT,1,71
47,113,IT,1,74
47,114,IT,,12
47,115,IT,,16
47,116,IT,1,19
47,117,IT,,48
47,118,IT,,13
47,119,IT,1,68
47,120,IT,1,67
47,121,IT,1,66
47,122,IT,1,57
47,123,IT,1,46
47,124,IT,1,60
47,125,IT,1,81
47,126,IT,1,80
47,127,IT,1,43
48,83,IT,,91
48,84,IT,,72
48,85,IT,1,77
48,86,IT,,36
48,87,IT,,20
48,88,IT,,13
48,90,IT,,16
48,91,IT,,8
48,92,IT,,6
48,93,IT,,21
48,94,IT,,46
48,95,IT,,27
48,96,IT,,12
48,97,IT,,38
48,98,IT,,40
48,99,IT,,23
48,100,IT,,26
48,101,IT,1,31
48,102,IT,,12
48,103,IT,,54
48,104,IT,1,48
48,105,IT,1,58
48,106,IT,1,9
48,107,IT,1,46
48,108,IT,1,56
48,109,IT,1,28
48,110,IT,1,69
48,111,IT,1,29
48,112,IT,1,78
48,113,IT,1,81
48,114,IT,,49
48,115,IT,,41
48,116,IT,1,24
48,117,IT,1,19
48,118,IT,1,44
48,119,IT,1,52
48,120,IT,1,12
48,121,IT,1,77
48,122,IT,1,67
48,123,IT,1,42
48,124,IT,1,31
48,125,IT,1,58
48,126,IT,1,78
48,127,IT,1,79
49,82,IT,,74
49,83,IT,,13
49,84,IT,1,44
49,85,IT,1,91
49,86,IT,1,50
49,87,IT,,64
49,88,IT,,23
49,90,IT,,2
49,91,IT,,11
49,93,IT,1,10
49,94,IT,1,27
49,95,IT,1,29
49,96,IT,,24
49,97,IT,1,53
49,98,IT,1,63
49,99,IT,1,14
49,100,IT,,29
49,101,IT,1,53
49,102,IT,1,54
49,103,IT,1,73
49,104,IT,1,82
49,105,IT,1,84
49,106,IT,1,24
49,107,IT,,13
49,108,IT,1,18
49,109,IT,,15
49,110,IT,1,80
49,111,IT,1,68
49,112,IT,1,53
49,113,IT,1,86
49,114,IT,1,57
49,115,IT,,45
49,116,IT,,9
49,117,IT,,17
49,118,IT,1,44
49,119,IT,1,62
49,120,IT,1,66
49,121,IT,1,35
49,122,IT,,48
49,123,IT,,23
49,124,IT,1,65
49,125,IT,1,61
49,126,IT,1,79
49,127,IT,1,76
50,83,IT,,23
50,84,IT,1,64
50,85,IT,1,65
50,86,IT,1,49
50,87,IT,1,67
50,88,IT,1,54
50,89,IT,,1
50,90,IT,,2
50,91,IT,,11
50,93,IT,,10
50,94,IT,,7
50,95,IT,1,36
50,96,IT,1,70
50,97,IT,1,67
50,98,IT,1,66
50,99,IT,1,50
50,100,IT,1,32
50,101,IT,1,48
50,102,IT,1,57
50,103,IT,1,59
50,104,IT,1,83
50,105,IT,1,65
50,106,IT,,40
50,108,IT,1,49
50,109,IT,1,32
50,110,IT,1,73
50,111,IT,1,82
50,112,IT,1,84
50,113,IT,1,48
50,114,IT,1,66
50,115,IT,,50
50,116,IT,,41
50,117,IT,,22
50,118,IT,,21
50,119,IT,1,50
50,120,IT,1,43
50,121,IT,,31
50,122,IT,,16
50,123,IT,,4
50,124,IT,1,66
50,125,IT,1,60
50,126,IT,1,51
50,127,IT,1,21
51,83,IT,1,33
51,84,IT,1,58
51,85,IT,1,31
51,86,IT,1,51
51,87,IT,1,74
51,88,IT,,52
51,89,IT,,22
51,90,IT,,20
51,91,IT,,19
51,94,IT,,23
51,95,IT,1,68
51,96,IT,1,78
51,97,IT,1,67
51,98,IT,1,68
51,99,IT,1,63
51,100,IT,1,60
51,101,IT,1,14
51,102,IT,1,51
51,103,IT,1,25
51,104,IT,1,64
51,105,IT,1,23
51,106,IT,,19
51,108,IT,1,23
51,109,IT,1,
51,110,IT,1,59
51,111,IT,1,50
51,112,IT,1,51
51,113,IT,1,36
51,114,IT,1,56
51,115,IT,,38
51,116,IT,1,38
51,117,IT,1,51
51,118,IT,,27
51,119,IT,,53
51,120,IT,,25
51,121,IT,,24
51,122,IT,,21
51,123,IT,,81
51,124,IT,1,87
51,125,IT,1,96
51,126,IT,1,40
51,127,IT,,18
52,84,IT,1,46
52,85,IT,1,59
52,86,IT,1,69
52,87,IT,1,80
52,88,IT,1,64
52,89,IT,1,41
52,90,IT,,8
52,91,IT,,33
52,94,IT,,53
52,95,IT,1,73
52,96,IT,1,66
52,97,IT,1,41
52,98,IT,1,68
52,99,IT,1,68
52,100,IT,1,43
52,101,IT,,45
52,102,IT,1,63
52,103,IT,1,60
52,104,IT,1,82
52,105,IT,1,7
52,106,IT,,23
52,107,IT,,2
52,108,IT,1,28
52,110,IT,,30
52,111,IT,1,32
52,112,IT,1,56
52,113,IT,1,46
52,114,IT,1,54
52,115,IT,1,52
52,116,IT,,14
52,117,IT,,33
52,118,IT,1,52
52,119,IT,1,19
52,120,IT,1,52
52,121,IT,,55
52,122,IT,1,52
52,123,IT,1,49
52,124,IT,1,60
52,125,IT,1,50
52,126,IT,1,42
52,127,IT,,55
53,84,IT,1,
53,85,IT,1,61
53,86,IT,,38
53,87,IT,1,40
53,88,IT,1,56
53,89,IT,1,50
53,90,IT,1,
53,92,IT,,5
53,93,IT,,36
53,94,IT,1,57
53,95,IT,1,64
53,96,IT,1,64
53,97,IT,1,74
53,98,IT,1,65
53,99,IT,1,76
53,100,IT,1,72
53,101,IT,,40
53,102,IT,1,59
53,103,IT,1,69
53,104,IT,1,78
53,105,IT,1,54
53,106,IT,,28
53,107,IT,,10
53,108,IT,1,34
53,109,IT,,17
53,110,IT,,14
53,111,IT,1,24
53,112,IT,,31
53,113,IT,,22
53,114,IT,1,12
53,115,IT,1,29
53,116,IT,1,10
53,117,IT,,9
53,118,IT,,29
53,119,IT,,14
53,120,IT,,33
53,121,IT,1,46
53,122,IT,,25
53,123,IT,,19
53,124,IT,1,
53,125,IT,1,13
53,126,IT,1,3
53,127,IT,1,16
54,84,IT,1,
54,85,IT,1,44
54,86,IT,1,32
54,87,IT,1,52
54,88,IT,1,62
54,89,IT,1,49
54,90,IT,,3
54,91,IT,,23
54,92,IT,,13
54,93,IT,,69
54,94,IT,1,66
54,95,IT,1,65
54,96,IT,1,72
54,97,IT,1,69
54,98,IT,1,50
54,99,IT,1,56
54,100,IT,1,77
54,101,IT,1,63
54,102,IT,1,41
54,103,IT,1,75
54,104,IT,1,69
54,105,IT,1,41
54,106,IT,1,49
54,107,IT,,37
54,108,IT,1,30
54,109,IT,,60
54,110,IT,,20
54,111,IT,,21
54,112,IT,,48
54,113,IT,,37
54,114,IT,1,6
54,115,IT,,28
54,116,IT,,34
54,117,IT,,11
54,118,IT,,60
54,119,IT,,23
54,120,IT,1,42
54,121,IT,1,19
54,122,IT,,46
54,123,IT,,37
54,124,IT,,14
54,125,IT,,18
54,126,IT,,58
54,127,IT,,30
55,84,IT,,92
55,85,IT,1,53
55,86,IT,1,41
55,87,IT,1,46
55,88,IT,1,29
55,89,IT,1,53
55,90,IT,,35
55,91,IT,,30
55,92,IT,1,14
55,93,IT,,43
55,94,IT,1,64
55,95,IT,1,46
55,96,IT,1,63
55,97,IT,1,76
55,98,IT,1,66
55,99,IT,1,43
55,100,IT,1,47
55,101,IT,1,57
55,102,IT,1,80
55,103,IT,1,81
55,104,IT,1,21
55,105,IT,1,64
55,106,IT,1,48
55,107,IT,,68
55,108,IT,1,23
55,109,IT,1,61
55,110,IT,,13
55,111,IT,,10
55,112,IT,,18
55,113,IT,,38
55,114,IT,,12
55,115,IT,,3
55,116,IT,1,11
55,118,IT,1,18
55,119,IT,,19
55,120,IT,,40
55,121,IT,,23
55,122,IT,,17
55,126,IT,,25
55,127,IT,,32
56,85,IT,1,
56,86,IT,1,69
56,87,IT,1,24
56,88,IT,,16
56,89,IT,,24
56,90,IT,,63
56,91,IT,,41
56,92,IT,1,16
56,93,IT,1,36
56,94,IT,1,20
56,95,IT,1,68
56,96,IT,1,57
56,97,IT,1,67
56,98,IT,1,41
56,99,IT,1,36
56,100,IT,1,59
56,101,IT,1,72
56,102,IT,1,67
56,103,IT,1,73
56,104,IT,1,34
56,105,IT,1,52
56,106,IT,1,60
56,107,IT,1,53
56,108,IT,1,51
56,109,IT,1,5
56,110,IT,,46
56,111,IT,,15
56,113,IT,,3
56,117,IT,,4
56,118,IT,,31
56,119,IT,,3
56,120,IT,1,19
56,121,IT,,12
56,122,IT,,11
56,123,IT,,27
56,124,IT,,11
56,125,IT,1,7
56,126,IT,1,50
56,127,IT,,58
57,86,IT,1,
57,87,IT,1,65
57,88,IT,1,63
57,89,IT,1,56
57,90,IT,1,59
57,91,IT,,65
57,92,IT,1,26
57,93,IT,1,54
57,94,IT,1,36
57,95,IT,1,57
57,96,IT,1,44
57,97,IT,1,36
57,98,IT,1,59
57,99,IT,1,34
57,100,IT,1,60
57,101,IT,1,72
57,102,IT,1,66
57,103,IT,1,79
57,104,IT,1,62
57,105,IT,1,43
57,106,IT,1,59
57,107,IT,1,20
57,108,IT,1,59
57,109,IT,1,14
57,110,IT,,31
57,112,IT,,23
57,117,IT,,5
57,118,IT,,11
57,119,IT,,39
57,122,IT,,16
57,123,IT,,11
57,124,IT,,3
57,125,IT,1,8
57,126,IT,1,56
57,127,IT,1,29
58,86,IT,,42
58,87,IT,1,76
58,88,IT,1,65
58,89,IT,1,65
58,90,IT,1,49
58,91,IT,1,58
58,92,IT,1,26
58,93,IT,1,56
58,94,IT,1,23
58,95,IT,1,54
58,96,IT,1,74
58,97,IT,1,38
58,98,IT,1,41
58,99,IT,1,55
58,100,IT,1,11
58,101,IT,1,31
58,102,IT,1,65
58,103,IT,1,61
58,104,IT,1,65
58,105,IT,,31
58,106,IT,,53
58,107,IT,,52
58,108,IT,,18
58,109,IT,1,
58,110,IT,,16
58,111,IT,,27
58,112,IT,,12
58,113,IT,,13
58,114,IT,,15
58,118,IT,1,
58,119,IT,1,20
58,120,IT,1,29
58,121,IT,,37
58,122,IT,,21
58,124,IT,1,
58,126,IT,1,22
58,127,IT,,31
59,87,IT,,29
59,88,IT,1,60
59,89,IT,1,40
59,90,IT,1,26
59,91,IT,1,17
59,92,IT,1,32
59,93,IT,1,60
59,94,IT,,33
59,95,IT,,44
59,96,IT,,73
59,97,IT,1,59
59,98,IT,1,22
59,99,IT,1,27
59,100,IT,1,32
59,101,IT,1,38
59,102,IT,1,72
59,103,IT,1,22
59,104,IT,1,21
59,105,IT,1,25
59,106,IT,1,70
59,107,IT,1,42
59,108,IT,1,53
59,109,IT,,15
59,110,IT,,7
59,111,IT,,7
59,112,IT,,8
59,113,IT,,9
59,114,IT,,11
59,115,IT,,1
59,116,IT,,19
59,117,IT,,13
59,118,IT,,18
59,119,IT,,4
59,120,IT,,25
59,121,IT,,5
59,123,IT,,3
59,124,IT,,12
59,125,IT,,43
59,126,IT,,21
59,127,IT,,4
60,86,IT,,30
60,87,IT,,3
60,88,IT,1,44
60,89,IT,1,67
60,90,IT,1,68
60,91,IT,1,57
60,92,IT,1,67
60,93,IT,1,81
60,94,IT,1,65
60,95,IT,1,48
60,96,IT,1,61
60,97,IT,1,62
60,98,IT,1,55
60,99,IT,1,32
60,100,IT,,32
60,101,IT,1,41
60,102,IT,1,57
60,103,IT,1,19
60,104,IT,1,57
60,105,IT,1,48
60,106,IT,1,62
60,107,IT,1,84
60,108,IT,1,67
60,109,IT,,16
60,113,IT,,1
60,114,IT,,12
60,115,IT,,4
60,116,IT,,17
60,117,IT,1,
60,119,IT,,29
60,120,IT,,7
60,122,IT,,5
60,123,IT,,36
60,124,IT,,25
60,127,IT,1,51
61,85,IT,,23
61,86,IT,,68
61,87,IT,,13
61,88,IT,1,58
61,89,IT,1,67
61,90,IT,1,67
61,91,IT,1,64
61,92,IT,1,38
61,93,IT,1,76
61,94,IT,1,70
61,95,IT,,34
61,96,IT,1,61
61,97,IT,1,75
61,98,IT,1,30
61,99,IT,,26
61,100,IT,1,66
61,101,IT,1,56
61,102,IT,1,45
61,103,IT,1,16
61,104,IT,1,40
61,105,IT,1,60
61,106,IT,1,65
61,107,IT,,70
61,108,IT,,23
61,109,IT,,11
61,112,IT,,32
61,113,IT,,9
61,114,IT,,22
61,115,IT,,37
61,117,IT,,9
61,118,IT,,19
61,119,IT,,38
61,120,IT,,21
61,121,IT,,6
61,122,IT,,39
61,123,IT,,18
61,124,IT,,8
61,125,IT,,44
61,126,IT,1,9
61,127,IT,,24
62,84,IT,,63
62,85,IT,,15
62,86,IT,1,65
62,87,IT,,58
62,88,IT,1,43
62,89,IT,1,57
62,90,IT,1,66
62,91,IT,1,61
62,92,IT,1,47
62,93,IT,1,31
62,94,IT,1,64
62,95,IT,1,61
62,96,IT,1,31
62,97,IT,,33
62,98,IT,,56
62,99,IT,,56
62,100,IT,1,62
62,101,IT,1,66
62,102,IT,1,55
62,103,IT,1,73
62,104,IT,1,59
62,105,IT,1,32
62,106,IT,,11
62,107,IT,,20
62,108,IT,,4
62,109,IT,,13
62,113,IT,,39
62,114,IT,,2
62,115,IT,,14
62,120,IT,1,38
62,121,IT,1,32
62,122,IT,,30
62,123,IT,,27
62,124,IT,,6
62,126,IT,1,9
62,127,IT,,38
63,83,IT,,39
63,85,IT,,1
63,86,IT,1,7
63,87,IT,1,19
63,88,IT,1,39
63,89,IT,1,42
63,90,IT,1,69
63,91,IT,1,62
63,92,IT,1,71
63,93,IT,1,80
63,94,IT,1,76
63,95,IT,1,69
63,96,IT,1,53
63,97,IT,1,47
63,98,IT,1,65
63,99,IT,1,71
63,100,IT,1,80
63,101,IT,1,54
63,102,IT,,29
63,103,IT,1,29
63,104,IT,1,11
63,105,IT,1,37
63,106,IT,1,53
63,107,IT,,10
63,113,IT,1,26
63,115,IT,,12
63,119,IT,,45
63,120,IT,1,57
63,121,IT,,39
63,122,IT,,43
63,123,IT,,32
63,126,IT,,12
63,127,IT,,48
64,85,IT,,19
64,86,IT,,16
64,87,IT,,20
64,88,IT,1,14
64,89,IT,1,59
64,90,IT,1,40
64,91,IT,1,69
64,92,IT,1,68
64,93,IT,1,64
64,94,IT,1,67
64,95,IT,1,64
64,96,IT,1,69
64,97,IT,1,69
64,98,IT,1,33
64,99,IT,1,74
64,100,IT,1,88
64,101,IT,1,65
64,102,IT,,11
64,103,IT,,66
64,104,IT,,53
64,105,IT,,79
64,106,IT,1,55
64,107,IT,,15
64,113,IT,,12
64,115,IT,,15
64,119,IT,,16
64,120,IT,1,34
64,121,IT,,16
64,123,IT,,23
64,124,IT,,11
64,125,IT,,20
64,126,IT,,35
64,127,IT,,18
65,80,IT,,15
65,81,IT,,2
65,84,IT,,22
65,85,IT,,37
65,86,IT,1,52
65,87,IT,,43
65,88,IT,1,15
65,89,IT,1,56
65,90,IT,1,67
65,91,IT,1,44
65,92,IT,1,81
65,93,IT,1,69
65,94,IT,1,61
65,95,IT,1,80
65,96,IT,1,75
65,97,IT,1,76
65,98,IT,,30
65,99,IT,1,39
65,100,IT,1,33
65,101,IT,1,66
65,102,IT,1,67
65,103,IT,1,74
65,104,IT,1,67
65,105,IT,1,18
65,106,IT,,36
65,107,IT,,61
65,108,IT,,38
65,110,IT,,27
65,111,IT,,49
65,112,IT,,39
65,113,IT,,46
65,117,IT,,17
65,118,IT,,11
65,119,IT,,1
65,120,IT,,1
65,123,IT,,9
65,124,IT,,4
65,125,IT,,30
65,126,IT,1,54
65,127,IT,1,35
66,78,IT,,68
66,79,IT,,32
66,80,IT,,2
66,82,IT,,1
66,83,IT,,28
66,84,IT,,45
66,85,IT,1,11
66,86,IT,1,46
66,87,IT,1,34
66,88,IT,1,54
66,89,IT,1,50
66,90,IT,1,38
66,91,IT,1,70
66,92,IT,1,76
66,93,IT,1,74
66,94,IT,1,74
66,95,IT,1,85
66,96,IT,1,86
66,97,IT,1,74
66,98,IT,,23
66,99,IT,,10
66,100,IT,1,69
66,101,IT,1,79
66,102,IT,1,66
66,103,IT,1,71
66,104,IT,1,64
66,105,IT,1,37
66,106,IT,1,55
66,107,IT,,19
66,108,IT,,23
66,109,IT,,1
66,110,IT,,13
66,111,IT,,30
66,112,IT,,28
66,113,IT,,15
66,117,IT,,17
66,118,IT,,40
66,119,IT,,5
66,120,IT,,1
66,121,IT,,16
66,122,IT,,13
66,123,IT,,9
66,124,IT,,48
66,125,IT,1,48
66,126,IT,1,47
66,127,IT,1,31
67,63,IT,2,38
67,64,IT,,49
67,76,IT,,31
67,82,IT,,12
67,83,IT,,25
67,84,IT,,22
67,85,IT,1,13
67,86,IT,1,50
67,87,IT,1,62
67,88,IT,1,68
67,89,IT,1,35
67,90,IT,1,63
67,91,IT,1,79
67,92,IT,1,63
67,93,IT,1,55
67,94,IT,1,75
67,95,IT,1,57
67,96,IT,1,43
67,97,IT,1,65
67,98,IT,1,31
67,99,IT,1,66
67,100,IT,,44
67,101,IT,1,68
67,102,IT,1,78
67,103,IT,1,54
67,104,IT,1,39
67,105,IT,1,41
67,106,IT,,29
67,107,IT,,12
67,108,IT,1,9
67,109,IT,,42
67,110,IT,,28
67,111,IT,,31
67,112,IT,,1
67,113,IT,,14
67,115,IT,,2
67,116,IT,,10
67,117,IT,,10
67,118,IT,,21
67,119,IT,1,17
67,120,IT,1,22
67,123,IT,,35
67,124,IT,,38
67,126,IT,,6
67,127,IT,1,28
68,63,IT,,18
68,64,IT,,1
68,65,IT,,1
68,66,IT,,34
68,67,IT,,49
68,68,IT,,51
68,84,IT,1,29
68,85,IT,,19
68,86,IT,,37
68,87,IT,1,36
68,88,IT,1,46
68,89,IT,1,38
68,90,IT,1,74
68,91,IT,1,85
68,92,IT,1,63
68,93,IT,1,86
68,94,IT,1,87
68,95,IT,1,67
68,96,IT,1,65
68,97,IT,1,41
68,98,IT,1,76
68,99,IT,1,62
68,100,IT,,33
68,101,IT,1,46
68,102,IT,1,65
68,103,IT,1,44
68,104,IT,1,69
68,105,IT,1,24
68,106,IT,1,29
68,107,IT,1,17
68,108,IT,1,11
68,109,IT,,19
68,110,IT,,16
68,111,IT,,23
68,112,IT,,24
68,113,IT,,8
68,115,IT,,27
68,116,IT,,37
68,117,IT,,7
68,118,IT,,5
68,119,IT,,3
68,120,IT,,4
68,122,IT,,5
68,123,IT,,7
68,124,IT,,15
68,125,IT,,30
68,126,IT,,7
68,127,IT,,28
69,62,IT,,39
69,63,IT,,35
69,64,IT,,29
69,65,IT,1,26
69,66,IT,1,27
69,67,IT,1,19
69,68,IT,,18
69,69,IT,,50
69,73,IT,,1
69,83,IT,,12
69,84,IT,1,43
69,85,IT,,61
69,86,IT,,36
69,87,IT,1,13
69,88,IT,1,69
69,89,IT,1,71
69,90,IT,1,76
69,91,IT,1,76
69,92,IT,1,77
69,93,IT,1,86
69,94,IT,1,73
69,95,IT,1,40
69,96,IT,1,59
69,97,IT,1,34
69,98,IT,1,36
69,99,IT,1,37
69,100,IT,1,42
69,101,IT,,17
69,102,IT,,17
69,103,IT,,29
69,104,IT,,49
69,105,IT,1,53
69,106,IT,1,53
69,107,IT,1,
69,108,IT,1,5
69,109,IT,,15
69,110,IT,1,6
69,111,IT,1,10
69,113,IT,,21
69,114,IT,1,27
69,115,IT,1,
69,120,IT,1,
69,122,IT,,51
69,123,IT,,24
69,125,IT,,17
69,126,IT,,19
70,62,IT,,20
70,63,IT,,45
70,64,IT,,27
70,65,IT,1,54
70,66,IT,1,49
70,67,IT,1,22
70,68,IT,1,19
70,69,IT,,37
70,70,IT,,73
70,71,IT,,7
70,76,IT,,7
70,77,IT,,21
70,78,IT,,39
70,80,IT,,5
70,81,IT,,5
70,83,IT,,25
70,84,IT,,40
70,85,IT,,55
70,86,IT,1,73
70,87,IT,1,34
70,88,IT,1,76
70,89,IT,1,71
70,90,IT,1,45
70,91,IT,1,49
70,92,IT,1,57
70,93,IT,1,75
70,94,IT,1,82
70,95,IT,,79
70,96,IT,,45
70,97,IT,,42
70,98,IT,1,35
70,99,IT,1,10
70,100,IT,1,4
70,101,IT,1,50
70,102,IT,,44
70,103,IT,,16
70,104,IT,,22
70,105,IT,,50
70,106,IT,,45
70,107,IT,,6
70,110,IT,,29
70,111,IT,,27
70,112,IT,,47
70,113,IT,,43
70,114,IT,1,65
70,115,IT,,27
70,122,IT,,21
70,123,IT,,39
70,124,IT,,50
70,125,IT,,24
70,126,IT,,35
71,60,IT,,97
71,61,IT,1,50
71,62,IT,1,46
71,63,IT,1,44
71,64,IT,1,24
71,65,IT,1,40
71,66,IT,1,58
71,67,IT,1,46
71,68,IT,,63
71,69,IT,,59
71,70,IT,,49
71,71,IT,,4
71,74,IT,,23
71,75,IT,,7
71,79,IT,1,
71,80,IT,,10
71,81,IT,,10
71,84,IT,1,36
71,85,IT,,28
71,86,IT,,71
71,87,IT,1,54
71,88,IT,1,76
71,89,IT,1,85
71,90,IT,1,71
71,91,IT,1,72
71,92,IT,1,74
71,93,IT,1,76
71,94,IT,1,83
71,95,IT,1,75
71,96,IT,,52
71,97,IT,,66
71,98,IT,,66
71,99,IT,1,36
71,101,IT,1,22
71,102,IT,,24
71,103,IT,,12
71,104,IT,,28
71,105,IT,,12
71,106,IT,,14
71,107,IT,,33
71,111,IT,1,
71,112,IT,,57
71,113,IT,,49
71,114,IT,1,71
71,115,IT,,15
71,122,IT,,22
71,123,IT,,38
71,124,IT,1,52
71,125,IT,1,49
71,126,IT,,11
71,127,IT,1,41
72,60,IT,1,53
72,61,IT,1,46
72,62,IT,1,52
72,63,IT,1,44
72,64,IT,1,67
72,65,IT,,61
72,66,IT,1,62
72,67,IT,1,36
72,68,IT,1,53
72,69,IT,1,52
72,70,IT,1,50
72,71,IT,,37
72,72,IT,,15
72,73,IT,,64
72,74,IT,1,31
72,75,IT,,31
72,76,IT,,26
72,77,IT,,42
72,78,IT,,2
72,81,IT,,37
72,83,IT,,38
72,84,IT,,65
72,85,IT,1,68
72,86,IT,1,47
72,87,IT,1,51
72,88,IT,1,52
72,89,IT,1,73
72,90,IT,1,86
72,91,IT,1,72
72,92,IT,1,70
72,93,IT,1,81
72,94,IT,1,66
72,95,IT,1,32
72,96,IT,1,77
72,97,IT,1,45
72,98,IT,1,23
72,99,IT,1,27
72,100,IT,,52
72,101,IT,,8
72,102,IT,,42
72,103,IT,,11
72,104,IT,,6
72,105,IT,,13
72,106,IT,1,19
72,107,IT,,2
72,112,IT,,4
72,113,IT,,28
72,114,IT,1,33
72,115,IT,,37
72,121,IT,,14
72,123,IT,,14
72,124,IT,,22
72,125,IT,,88
72,126,IT,,63
72,127,IT,,31
73,59,IT,1,
73,60,IT,1,38
73,61,IT,1,73
73,62,IT,1,24
73,63,IT,1,68
73,64,IT,1,71
73,65,IT,1,67
73,66,IT,1,66
73,67,IT,1,54
73,68,IT,1,54
73,69,IT,1,64
73,70,IT,1,64
73,71,IT,1,29
73,72,IT,1,25
73,73,IT,,68
73,74,IT,1,73
73,75,IT,1,34
73,76,IT,,26
73,77,IT,,35
73,78,IT,,3
73,80,IT,,1
73,81,IT,1,31
73,82,IT,1,20
73,83,IT,,47
73,84,IT,1,30
73,85,IT,1,32
73,86,IT,1,56
73,87,IT,1,53
73,88,IT,1,77
73,89,IT,1,76
73,90,IT,1,89
73,91,IT,1,85
73,92,IT,1,85
73,93,IT,1,79
73,94,IT,1,76
73,95,IT,,45
73,96,IT,1,77
73,97,IT,1,82
73,98,IT,,47
73,99,IT,,54
73,100,IT,,10
73,101,IT,,1
73,102,IT,,35
73,103,IT,,24
73,104,IT,,25
73,105,IT,,43
73,106,IT,,22
73,111,IT,,7
73,112,IT,,1
73,114,IT,,7
73,115,IT,,4
73,119,IT,,14
73,120,IT,,17
73,121,IT,,46
73,122,IT,,4
73,123,IT,1,64
73,124,IT,1,22
73,125,IT,1,33
73,126,IT,,51
73,127,IT,,24
74,60,IT,,30
74,61,IT,1,78
74,62,IT,1,71
74,63,IT,1,45
74,64,IT,1,75
74,65,IT,1,69
74,66,IT,1,60
74,67,IT,1,44
74,68,IT,1,69
74,69,IT,1,55
74,70,IT,1,70
74,71,IT,1,38
74,72,IT,1,56
74,73,IT,1,54
74,74,IT,1,66
74,75,IT,,33
74,76,IT,1,42
74,77,IT,,31
74,78,IT,,22
74,79,IT,,44
74,80,IT,,53
74,81,IT,1,56
74,82,IT,,12
74,83,IT,,16
74,84,IT,1,74
74,85,IT,1,66
74,86,IT,1,74
74,87,IT,1,87
74,88,IT,1,87
74,89,IT,1,85
74,90,IT,1,69
74,91,IT,1,88
74,92,IT,1,87
74,93,IT,1,86
74,94,IT,1,62
74,95,IT,1,18
74,96,IT,1,81
74,97,IT,1,67
74,101,IT,1,31
74,102,IT,1,10
74,103,IT,,1
74,108,IT,,11
74,111,IT,,13
74,112,IT,,49
74,113,IT,,23
74,119,IT,,44
74,120,IT,,23
74,121,IT,,21
74,122,IT,1,
74,123,IT,1,30
74,124,IT,1,55
74,125,IT,1,28
74,126,IT,,43
74,127,IT,,20
75,60,IT,1,63
75,61,IT,1,57
75,62,IT,2,71
75,63,IT,,66
75,64,IT,1,49
75,65,IT,1,22
75,66,IT,1,45
75,67,IT,1,52
75,68,IT,,42
75,69,IT,1,31
75,70,IT,1,75
75,71,IT,1,62
75,72,IT,,27
75,73,IT,,48
75,74,IT,1,64
75,75,IT,,27
75,76,IT,,18
75,77,IT,,11
75,78,IT,,37
75,79,IT,1,22
75,80,IT,1,48
75,81,IT,1,14
75,82,IT,1,33
75,83,IT,,30
75,84,IT,1,66
75,85,IT,,65
75,86,IT,1,70
75,87,IT,1,83
75,88,IT,1,79
75,89,IT,1,86
75,90,IT,1,37
75,91,IT,1,90
75,92,IT,1,83
75,93,IT,1,75
75,94,IT,1,74
75,95,IT,1,63
75,96,IT,1,60
75,97,IT,,7
75,98,IT,,18
75,99,IT,,12
75,100,IT,,6
75,101,IT,,6
75,102,IT,,14
75,103,IT,,15
75,104,IT,,34
75,106,IT,,4
75,107,IT,1,21
75,108,IT,,21
75,109,IT,1,3
75,110,IT,,4
75,111,IT,,11
75,112,IT,,7
75,113,IT,,6
75,115,IT,,26
75,117,IT,,1
75,118,IT,1,39
75,119,IT,1,67
75,120,IT,1,70
75,121,IT,,36
75,122,IT,,14
75,123,IT,1,34
75,124,IT,,58
75,125,IT,,15
75,126,IT,,6
75,127,IT,,14
76,61,IT,1,17
76,62,IT,1,41
76,63,IT,,34
76,64,IT,1,8
76,65,IT,1,50
76,66,IT,1,70
76,67,IT,1,76
76,68,IT,,54
76,69,IT,1,62
76,70,IT,1,57
76,71,IT,1,79
76,72,IT,2,24
76,73,IT,1,52
76,74,IT,1,49
76,75,IT,1,
76,76,IT,1,44
76,77,IT,,46
76,78,IT,,3
76,79,IT,1,18
76,80,IT,,35
76,81,IT,1,35
76,82,IT,1,44
76,83,IT,1,26
76,84,IT,1,15
76,85,IT,,19
76,86,IT,,30
76,87,IT,1,15
76,88,IT,1,76
76,89,IT,1,87
76,90,IT,1,59
76,91,IT,1,72
76,92,IT,1,67
76,93,IT,1,37
76,94,IT,1,64
76,95,IT,1,73
76,96,IT,,30
76,97,IT,,17
76,98,IT,,9
76,99,IT,,10
76,100,IT,,33
76,101,IT,1,61
76,102,IT,1,69
76,103,IT,,45
76,104,IT,,24
76,106,IT,,22
76,107,IT,1,54
76,108,IT,,76
76,109,IT,1,40
76,110,IT,,25
76,111,IT,,13
76,112,IT,,7
76,113,IT,,7
76,117,IT,,7
76,118,IT,,62
76,119,IT,1,7
76,120,IT,1,30
76,121,IT,1,46
77,58,IT,,100
77,59,IT,,27
77,60,IT,,7
77,62,IT,,32
77,63,IT,1,12
77,64,IT,1,62
77,65,IT,1,73
77,66,IT,1,58
77,67,IT,1,80
77,68,IT,1,69
77,69,IT,1,71
77,70,IT,1,65
77,71,IT,1,79
77,72,IT,1,67
77,73,IT,1,36
77,74,IT,1,59
77,75,IT,1,19
77,76,IT,1,33
77,77,IT,,39
77,78,IT,,44
77,79,IT,1,47
77,80,IT,1,55
77,81,IT,1,62
77,82,IT,1,40
77,83,IT,1,25
77,84,IT,1,62
77,85,IT,,19
77,86,IT,,17
77,87,IT,1,46
77,88,IT,,14
77,89,IT,,15
77,90,IT,1,28
77,91,IT,1,43
77,92,IT,1,84
77,93,IT,1,59
77,94,IT,1,53
77,95,IT,,22
77,96,IT,,1
77,97,IT,,39
77,98,IT,,30
77,99,IT,,43
77,100,IT,,21
77,101,IT,1,26
77,102,IT,1,54
77,103,IT,1,38
77,104,IT,,44
77,105,IT,,7
77,106,IT,1,5
77,107,IT,1,39
77,108,IT,1,59
77,109,IT,1,30
77,110,IT,,26
77,112,IT,,26
77,113,IT,,22
77,114,IT,,3
77,115,IT,,2
77,116,IT,,12
77,117,IT,,52
77,118,IT,,38
77,119,IT,,49
77,120,IT,,18
77,121,IT,,47
77,122,IT,,4
77,123,IT,,8
78,58,IT,,28
78,60,IT,,19
78,61,IT,,15
78,62,IT,,61
78,63,IT,,54
78,64,IT,1,74
78,65,IT,1,79
78,66,IT,1,39
78,67,IT,1,59
78,68,IT,1,81
78,69,IT,1,72
78,70,IT,1,60
78,71,IT,1,62
78,72,IT,1,43
78,73,IT,1,63
78,74,IT,1,54
78,75,IT,1,26
78,76,IT,1,57
78,77,IT,1,16
78,78,IT,1,31
78,79,IT,1,54
78,80,IT,1,75
78,81,IT,1,42
78,83,IT,1,35
78,84,IT,,54
78,85,IT,,16
78,86,IT,1,32
78,87,IT,1,59
78,88,IT,,23
78,89,IT,,14
78,91,IT,1,11
78,92,IT,,43
78,93,IT,,40
78,94,IT,1,66
78,95,IT,,70
78,96,IT,,3
78,97,IT,,2
78,98,IT,,24
78,99,IT,,17
78,101,IT,,31
78,102,IT,1,52
78,103,IT,,3
78,104,IT,,23
78,105,IT,,20
78,106,IT,1,2
78,107,IT,1,18
78,108,IT,1,55
78,109,IT,,15
78,110,IT,,23
78,113,IT,,21
78,114,IT,,9
78,115,IT,,24
78,116,IT,1,32
78,117,IT,,46
78,118,IT,1,19
78,119,IT,,42
78,120,IT,,26
78,121,IT,,23
78,122,IT,,21
78,123,IT,,23
79,57,IT,2,
79,58,IT,2,68
79,59,IT,,37
79,60,IT,,31
79,61,IT,,49
79,62,IT,,32
79,63,IT,,63
79,64,IT,1,69
79,65,IT,1,73
79,66,IT,1,78
79,67,IT,1,77
79,68,IT,1,74
79,69,IT,1,72
79,70,IT,1,73
79,71,IT,1,76
79,72,IT,1,67
79,73,IT,1,61
79,74,IT,1,36
79,75,IT,1,69
79,76,IT,1,39
79,77,IT,1,48
79,78,IT,1,39
79,79,IT,1,51
79,80,IT,1,42
79,81,IT,1,39
79,82,IT,1,71
79,83,IT,1,66
79,84,IT,1,64
79,85,IT,1,22
79,86,IT,,21
79,87,IT,,38
79,88,IT,,32
79,89,IT,,49
79,90,IT,,25
79,91,IT,,24
79,92,IT,1,55
79,93,IT,1,52
79,94,IT,1,62
79,95,IT,1,60
79,96,IT,,49
79,97,IT,1,58
79,98,IT,,40
79,99,IT,,4
79,100,IT,,18
79,101,IT,,2
79,102,IT,,33
79,103,IT,,4
79,107,IT,1,4
79,108,IT,,10
79,109,IT,,6
79,112,IT,1,5
79,113,IT,,9
79,114,IT,,7
79,115,IT,,17
79,117,IT,,14
79,118,IT,,42
79,119,IT,1,26
79,120,IT,1,24
79,121,IT,,66
79,122,IT,1,69
79,123,IT,,21
79,124,IT,,10
79,127,IT,,5
80,57,IT,1,44
80,58,IT,2,63
80,59,IT,2,41
80,60,IT,2,29
80,61,IT,,34
80,62,IT,1,68
80,63,IT,1,58
80,64,IT,1,82
80,65,IT,1,79
80,66,IT,1,47
80,67,IT,1,79
80,68,IT,1,78
80,69,IT,1,74
80,70,IT,1,78
80,71,IT,1,66
80,72,IT,1,83
80,73,IT,1,54
80,74,IT,1,53
80,75,IT,1,49
80,76,IT,1,40
80,77,IT,1,32
80,78,IT,1,17
80,79,IT,1,58
80,80,IT,1,84
80,81,IT,1,70
80,82,IT,1,74
80,83,IT,1,63
80,84,IT,1,62
80,85,IT,,12
80,86,IT,1,22
80,87,IT,,29
80,88,IT,,56
80,89,IT,,32
80,90,IT,1,58
80,91,IT,1,45
80,92,IT,1,76
80,93,IT,1,63
80,94,IT,1,28
80,95,IT,1,46
80,96,IT,,2
80,97,IT,1,47
80,98,IT,1,38
80,99,IT,,12
80,106,IT,,27
80,107,IT,,6
80,108,IT,1,6
80,109,IT,,10
80,112,IT,1,8
80,113,IT,,39
80,114,IT,,11
80,115,IT,,20
80,116,IT,,17
80,117,IT,,52
80,118,IT,1,49
80,119,IT,1,57
80,120,IT,1,48
80,121,IT,1,77
80,122,IT,,43
80,127,IT,,7
81,56,IT,1,66
81,57,IT,1,89
81,58,IT,1,87
81,59,IT,1,56
81,60,IT,1,48
81,61,IT,1,54
81,62,IT,1,51
81,63,IT,1,59
81,64,IT,1,56
81,65,IT,,75
81,66,IT,1,82
81,67,IT,1,73
81,68,IT,1,69
81,69,IT,1,71
81,70,IT,1,67
81,71,IT,1,70
81,72,IT,1,73
81,73,IT,1,55
81,74,IT,1,52
81,75,IT,1,67
81,76,IT,1,63
81,77,IT,1,50
81,78,IT,1,37
81,79,IT,1,88
81,80,IT,1,43
81,81,IT,1,53
81,82,IT,1,43
81,83,IT,1,11
81,84,IT,1,42
81,85,IT,,4
81,86,IT,1,18
81,87,IT,,27
81,88,IT,,21
81,89,IT,1,38
81,90,IT,1,38
81,91,IT,1,36
81,92,IT,1,89
81,93,IT,1,90
81,94,IT,1,27
81,95,IT,1,35
81,96,IT,,33
81,97,IT,,26
81,98,IT,,17
81,99,IT,,1
81,101,IT,,24
81,102,IT,,34
81,103,IT,,3
81,106,IT,,1
81,113,IT,,2
81,114,IT,,30
81,115,IT,1,44
81,116,IT,,27
81,117,IT,,26
81,118,IT,1,16
81,119,IT,1,60
81,120,IT,1,48
81,121,IT,1,32
81,122,IT,,13
81,125,IT,,4
81,126,IT,,20
82,55,IT,,48
82,56,IT,1,64
82,57,IT,1,90
82,58,IT,1,83
82,59,IT,1,76
82,60,IT,1,29
82,61,IT,1,63
82,62,IT,1,54
82,63,IT,1,62
82,64,IT,1,31
82,65,IT,1,73
82,66,IT,1,85
82,67,IT,1,72
82,68,IT,1,62
82,69,IT,1,69
82,70,IT,1,79
82,71,IT,1,75
82,72,IT,,64
82,73,IT,1,73
82,74,IT,1,70
82,75,IT,1,48
82,76,IT,1,49
82,77,IT,,29
82,78,IT,1,34
82,79,IT,1,51
82,80,IT,1,61
82,81,IT,1,64
82,82,IT,1,38
82,83,IT,1,37
82,84,IT,1,62
82,85,IT,1,23
82,86,IT,,35
82,87,IT,,40
82,88,IT,,10
82,89,IT,1,52
82,90,IT,1,29
82,91,IT,1,71
82,92,IT,1,85
82,93,IT,1,86
82,94,IT,1,58
82,95,IT,1,31
82,96,IT,,2
82,97,IT,,26
82,98,IT,,35
82,99,IT,,12
82,101,IT,1,15
82,102,IT,1,20
82,103,IT,,29
82,107,IT,,1
82,113,IT,,1
82,114,IT,1,32
82,115,IT,1,45
82,116,IT,1,53
82,117,IT,1,56
82,118,IT,1,48
82,119,IT,1,23
82,120,IT,,19
82,121,IT,,46
82,122,IT,,1
82,125,IT,,4
82,126,IT,,1
83,52,IT,,55
83,53,IT,,2
83,54,IT,,20
83,55,IT,1,71
83,56,IT,1,67
83,57,IT,1,59
83,58,IT,1,58
83,59,IT,1,70
83,60,IT,1,72
83,61,IT,1,83
83,62,IT,1,79
83,63,IT,1,67
83,64,IT,1,53
83,65,IT,1,47
83,66,IT,1,73
83,67,IT,1,66
83,68,IT,1,78
83,69,IT,1,36
83,70,IT,1,48
83,71,IT,1,60
83,72,IT,1,56
83,73,IT,1,61
83,74,IT,1,65
83,75,IT,1,69
83,76,IT,,29
83,77,IT,,30
83,78,IT,1,73
83,79,IT,1,75
83,80,IT,1,77
83,81,IT,1,44
83,82,IT,1,45
83,83,IT,1,51
83,84,IT,1,71
83,85,IT,1,66
83,86,IT,,23
83,88,IT,1,30
83,89,IT,1,27
83,90,IT,1,71
83,91,IT,1,62
83,92,IT,1,80
83,93,IT,1,85
83,94,IT,1,29
83,95,IT,1,63
83,96,IT,,38
83,97,IT,1,15
83,98,IT,,12
83,99,IT,1,10
83,100,IT,1,14
83,102,IT,,12
83,103,IT,,2
83,106,IT,,3
83,107,IT,,25
83,108,IT,,18
83,110,IT,,23
83,111,IT,,24
83,112,IT,,1
83,113,IT,,23
83,114,IT,1,59
83,115,IT,,49
83,116,IT,,14
83,117,IT,1,
83,120,IT,,26
83,121,IT,,36
83,122,IT,,8
84,53,IT,,34
84,54,IT,,34
84,55,IT,,52
84,56,IT,2,48
84,57,IT,1,53
84,58,IT,,61
84,59,IT,1,71
84,60,IT,1,68
84,61,IT,1,84
84,62,IT,1,75
84,63,IT,1,76
84,64,IT,1,68
84,65,IT,1,79
84,66,IT,1,73
84,67,IT,1,73
84,68,IT,1,78
84,69,IT,1,63
84,70,IT,1,67
84,71,IT,1,68
84,72,IT,1,62
84,73,IT,1,59
84,74,IT,1,62
84,75,IT,1,65
84,76,IT,1,30
84,77,IT,1,42
84,78,IT,1,74
84,79,IT,1,79
84,80,IT,1,54
84,81,IT,1,62
84,82,IT,,46
84,83,IT,1,23
84,84,IT,1,60
84,85,IT,1,47
84,86,IT,,6
84,87,IT,,1
84,89,IT,,56
84,90,IT,,27
84,91,IT,,19
84,92,IT,1,68
84,93,IT,1,82
84,94,IT,1,70
84,95,IT,,30
84,96,IT,,11
84,98,IT,,6
84,99,IT,,41
84,100,IT,,49
84,101,IT,,13
84,102,IT,,7
84,103,IT,,1
84,106,IT,,40
84,107,IT,1,34
84,108,IT,,25
84,109,IT,,45
84,110,IT,,19
84,111,IT,,46
84,112,IT,,5
84,113,IT,,15
84,114,IT,,46
84,115,IT,,18
84,116,IT,,8
84,117,IT,,11
84,118,IT,1,51
84,119,IT,,22
84,123,IT,,4
84,124,IT,,29
85,52,IT,,42
85,53,IT,,38
85,54,IT,,44
85,55,IT,,32
85,56,IT,1,14
85,57,IT,1,48
85,58,IT,1,65
85,59,IT,1,54
85,60,IT,1,54
85,61,IT,1,79
85,62,IT,1,78
85,63,IT,1,70
85,64,IT,1,78
85,65,IT,1,70
85,66,IT,1,74
85,67,IT,1,78
85,68,IT,1,78
85,69,IT,1,75
85,70,IT,1,36
85,71,IT,1,65
85,72,IT,1,53
85,73,IT,1,14
85,74,IT,1,74
85,75,IT,1,68
85,76,IT,1,76
85,77,IT,1,63
85,78,IT,1,75
85,79,IT,1,69
85,80,IT,1,76
85,81,IT,1,79
85,82,IT,,38
85,83,IT,1,27
85,84,IT,1,60
85,85,IT,1,28
85,86,IT,,24
85,87,IT,,21
85,88,IT,1,22
85,89,IT,,45
85,90,IT,1,76
85,91,IT,,53
85,92,IT,1,76
85,93,IT,1,76
85,94,IT,1,74
85,95,IT,,27
85,97,IT,,31
85,98,IT,,37
85,99,IT,1,9
85,100,IT,,17
85,101,IT,,24
85,106,IT,,50
85,107,IT,,12
85,108,IT,,56
85,110,IT,,6
85,111,IT,,11
85,112,IT,1,9
85,113,IT,,28
85,118,IT,1,13
85,119,IT,,2
85,123,IT,,17
85,124,IT,,8
86,51,IT,,74
86,52,IT,,52
86,53,IT,,66
86,54,IT,,55
86,55,IT,1,30
86,56,IT,1,34
86,57,IT,1,68
86,58,IT,1,67
86,59,IT,1,66
86,60,IT,1,79
86,61,IT,1,67
86,62,IT,1,67
86,63,IT,1,81
86,64,IT,1,88
86,65,IT,1,83
86,66,IT,1,69
86,67,IT,1,71
86,68,IT,1,48
86,69,IT,1,65
86,70,IT,1,47
86,71,IT,1,52
86,72,IT,1,34
86,73,IT,1,55
86,74,IT,1,36
86,75,IT,1,48
86,76,IT,1,48
86,77,IT,1,78
86,78,IT,1,76
86,79,IT,1,57
86,80,IT,1,47
86,81,IT,1,65
86,82,IT,1,56
86,83,IT,1,44
86,84,IT,1,23
86,85,IT,1,47
86,86,IT,1,46
86,87,IT,,49
86,88,IT,,25
86,89,IT,1,66
86,90,IT,1,37
86,91,IT,,35
86,92,IT,1,73
86,93,IT,1,36
86,94,IT,1,56
86,95,IT,,5
86,96,IT,1,26
86,97,IT,1,73
86,98,IT,1,49
86,99,IT,1,12
86,100,IT,1,23
86,101,IT,,24
86,105,IT,,6
86,106,IT,,26
86,107,IT,,36
86,108,IT,,17
86,109,IT,,25
86,113,IT,,17
86,123,IT,,8
86,124,IT,,13
87,51,IT,,4
87,52,IT,,17
87,53,IT,1,55
87,54,IT,1,58
87,55,IT,1,24
87,56,IT,,68
87,57,IT,,73
87,58,IT,1,78
87,59,IT,1,75
87,60,IT,1,69
87,61,IT,1,48
87,62,IT,1,59
87,63,IT,1,87
87,64,IT,1,79
87,65,IT,1,49
87,66,IT,1,20
87,67,IT,1,58
87,68,IT,1,77
87,69,IT,,39
87,70,IT,1,34
87,71,IT,1,51
87,72,IT,1,56
87,73,IT,1,34
87,74,IT,1,58
87,75,IT,1,42
87,76,IT,1,79
87,77,IT,1,42
87,78,IT,1,76
87,79,IT,1,67
87,80,IT,1,78
87,81,IT,1,59
87,82,IT,1,51
87,83,IT,1,57
87,84,IT,1,50
87,85,IT,1,61
87,86,IT,1,54
87,87,IT,,3
87,88,IT,,34
87,89,IT,1,64
87,90,IT,,36
87,91,IT,,39
87,92,IT,,57
87,93,IT,,38
87,94,IT,1,55
87,95,IT,1,
87,96,IT,1,54
87,97,IT,1,32
87,98,IT,1,35
87,99,IT,1,22
87,105,IT,,38
87,106,IT,1,33
87,107,IT,,25
87,108,IT,,33
87,109,IT,,21
87,113,IT,,23
87,124,IT,,19
88,52,IT,,2
88,53,IT,,25
88,54,IT,,41
88,55,IT,,43
88,56,IT,1,70
88,57,IT,,50
88,58,IT,1,66
88,59,IT,1,81
88,60,IT,1,43
88,61,IT,1,76
88,62,IT,1,71
88,63,IT,1,71
88,64,IT,1,31
88,65,IT,1,58
88,66,IT,,62
88,67,IT,1,78
88,68,IT,1,88
88,69,IT,1,48
88,70,IT,,2
88,71,IT,1,50
88,72,IT,1,50
88,73,IT,1,25
88,74,IT,1,80
88,75,IT,1,53
88,76,IT,1,58
88,77,IT,1,62
88,78,IT,1,72
88,79,IT,1,77
88,80,IT,1,66
88,81,IT,1,56
88,82,IT,1,55
88,83,IT,1,19
88,84,IT,1,14
88,85,IT,1,18
88,86,IT,,27
88,88,IT,1,21
88,89,IT,1,46
88,90,IT,,7
88,91,IT,,31
88,92,IT,1,62
88,93,IT,,20
88,94,IT,,46
88,95,IT,,48
88,96,IT,,12
88,97,IT,1,50
88,98,IT,1,77
88,99,IT,1,46
88,100,IT,1,
88,101,IT,1,39
88,103,IT,,6
88,104,IT,,45
88,105,IT,,11
88,106,IT,,17
88,107,IT,,3
88,108,IT,,12
88,109,IT,,27
88,110,IT,,5
88,111,IT,,32
88,112,IT,,2
88,115,IT,,6
88,116,IT,,27
89,51,IT,,44
89,52,IT,,2
89,53,IT,,59
89,54,IT,,52
89,55,IT,1,31
89,56,IT,1,50
89,57,IT,1,65
89,58,IT,1,73
89,59,IT,1,76
89,60,IT,1,73
89,61,IT,1,70
89,62,IT,1,74
89,63,IT,1,73
89,64,IT,1,32
89,65,IT,1,35
89,66,IT,1,82
89,67,IT,1,83
89,68,IT,,78
89,69,IT,,64
89,70,IT,,1
89,71,IT,1,75
89,72,IT,1,53
89,73,IT,1,32
89,74,IT,1,79
89,75,IT,,14
89,76,IT,,7
89,77,IT,1,30
89,78,IT,1,71
89,79,IT,1,63
89,80,IT,1,49
89,81,IT,1,53
89,82,IT,1,32
89,83,IT,1,19
89,84,IT,,55
89,85,IT,,21
89,86,IT,,53
89,87,IT,,34
89,88,IT,1,12
89,89,IT,1,28
89,90,IT,,52
89,91,IT,,9
89,92,IT,,21
89,93,IT,,20
89,94,IT,,3
89,95,IT,,1
89,96,IT,,8
89,97,IT,1,10
89,98,IT,1,41
89,99,IT,1,51
89,100,IT,1,1
89,101,IT,1,16
89,102,IT,1,28
89,103,IT,,38
89,104,IT,,18
89,105,IT,,53
89,106,IT,1,33
89,108,IT,,1
89,110,IT,,6
89,111,IT,,10
89,118,IT,,33
89,119,IT,,5
90,53,IT,,77
90,54,IT,1,72
90,55,IT,1,53
90,56,IT,1,50
90,57,IT,1,64
90,58,IT,1,23
90,59,IT,1,65
90,60,IT,1,68
90,61,IT,1,57
90,62,IT,1,79
90,63,IT,1,87
90,64,IT,1,84
90,65,IT,1,84
90,66,IT,1,75
90,67,IT,1,55
90,68,IT,1,69
90,69,IT,1,77
90,70,IT,,58
90,71,IT,,69
90,72,IT,1,70
90,73,IT,1,38
90,74,IT,1,36
90,75,IT,1,29
90,76,IT,,14
90,77,IT,1,
90,78,IT,,5
90,79,IT,,32
90,80,IT,,49
90,82,IT,,13
90,83,IT,1,56
90,84,IT,1,51
90,85,IT,,6
90,86,IT,1,24
90,87,IT,,16
90,88,IT,1,56
90,89,IT,1,37
90,90,IT,,27
90,91,IT,,13
90,92,IT,,26
90,93,IT,1,
90,94,IT,1,14
90,95,IT,1,48
90,96,IT,,19
90,97,IT,1,46
90,98,IT,1,36
90,99,IT,1,36
90,100,IT,1,51
90,101,IT,1,64
90,102,IT,,49
90,103,IT,,24
90,105,IT,,56
90,106,IT,1,45
90,107,IT,,15
90,108,IT,,27
90,109,IT,,20
90,110,IT,,5
90,118,IT,,13
90,119,IT,,17
90,120,IT,,20
90,121,IT,,8
90,122,IT,,6
91,54,IT,,86
91,55,IT,1,43
91,56,IT,1,12
91,57,IT,,58
91,58,IT,,48
91,59,IT,1,59
91,60,IT,1,66
91,61,IT,1,41
91,62,IT,1,79
91,63,IT,1,86
91,64,IT,1,76
91,65,IT,1,74
91,66,IT,,70
91,67,IT,1,54
91,68,IT,1,42
91,69,IT,1,26
91,70,IT,,10
91,71,IT,,49
91,72,IT,,22
91,73,IT,,5
91,74,IT,,4
91,75,IT,,7
91,76,IT,,3
91,78,IT,,5
91,79,IT,,12
91,80,IT,1,41
91,81,IT,,6
91,82,IT,1,25
91,83,IT,1,58
91,84,IT,,39
91,85,IT,,33
91,86,IT,,4
91,87,IT,,1
91,88,IT,,9
91,89,IT,,16
91,90,IT,,25
91,91,IT,,9
91,92,IT,,54
91,93,IT,1,27
91,94,IT,1,57
91,95,IT,1,71
91,96,IT,1,49
91,97,IT,1,44
91,98,IT,,8
91,99,IT,1,54
91,100,IT,1,65
91,101,IT,1,70
91,102,IT,1,65
91,103,IT,,25
91,104,IT,,3
91,105,IT,,46
91,106,IT,1,31
91,107,IT,,40
91,108,IT,,32
91,109,IT,,26
91,110,IT,,6
91,112,IT,,5
91,118,IT,,9
91,119,IT,,21
92,55,IT,,62
92,56,IT,,44
92,57,IT,,55
92,58,IT,,70
92,59,IT,1,50
92,60,IT,1,69
92,61,IT,1,79
92,62,IT,1,76
92,63,IT,1,75
92,64,IT,1,73
92,65,IT,1,42
92,66,IT,1,42
92,67,IT,1,69
92,68,IT,,19
92,69,IT,1,15
92,70,IT,,49
92,71,IT,,24
92,72,IT,,44
92,76,IT,,3
92,77,IT,,23
92,78,IT,,32
92,79,IT,1,51
92,80,IT,1,31
92,81,IT,1,43
92,82,IT,1,39
92,83,IT,,64
92,84,IT,1,82
92,85,IT,1,41
92,86,IT,,39
92,87,IT,,3
92,88,IT,,17
92,89,IT,,33
92,90,IT,,9
92,93,IT,1,32
92,94,IT,1,44
92,95,IT,1,19
92,96,IT,1,33
92,97,IT,1,30
92,98,IT,,30
92,99,IT,1,59
92,100,IT,1,49
92,101,IT,1,45
92,102,IT,,12
92,103,IT,,73
92,104,IT,,30
92,106,IT,,21
92,107,IT,1,33
92,108,IT,,61
92,109,IT,,37
92,110,IT,,9
92,112,IT,,45
92,124,IT,,13
93,55,IT,,76
93,56,IT,,62
93,57,IT,1,57
93,58,IT,1,61
93,59,IT,1,45
93,60,IT,1,59
93,61,IT,1,20
93,62,IT,1,66
93,63,IT,1,76
93,64,IT,1,59
93,65,IT,,29
93,66,IT,1,26
93,67,IT,,50
93,68,IT,,23
93,69,IT,,48
93,70,IT,1,48
93,71,IT,,9
93,72,IT,,12
93,74,IT,,3
93,75,IT,,19
93,76,IT,,52
93,77,IT,,39
93,78,IT,1,17
93,79,IT,1,36
93,80,IT,1,32
93,81,IT,1,23
93,82,IT,1,53
93,83,IT,1,76
93,84,IT,1,36
93,85,IT,,14
93,86,IT,1,7
93,87,IT,,39
93,88,IT,,25
93,89,IT,,13
93,90,IT,,10
93,92,IT,,13
93,93,IT,1,61
93,94,IT,1,82
93,95,IT,1,33
93,97,IT,,34
93,98,IT,1,69
93,99,IT,1,69
93,100,IT,1,75
93,101,IT,1,43
93,102,IT,,64
93,103,IT,,88
93,104,IT,,40
93,105,IT,,18
93,106,IT,,17
93,107,IT,,30
93,108,IT,,26
93,109,IT,,7
93,110,IT,,2
93,112,IT,,27
93,124,IT,,5
94,56,IT,2,46
94,57,IT,1,76
94,58,IT,1,76
94,59,IT,2,77
94,60,IT,1,22
94,61,IT,1,36
94,62,IT,1,50
94,63,IT,1,61
94,64,IT,,10
94,65,IT,1,48
94,66,IT,,20
94,67,IT,,32
94,68,IT,,12
94,69,IT,,31
94,70,IT,1,19
94,74,IT,1,40
94,75,IT,,62
94,76,IT,1,78
94,77,IT,,46
94,78,IT,,52
94,79,IT,,36
94,80,IT,,63
94,81,IT,,26
94,82,IT,,18
94,83,IT,1,49
94,84,IT,1,
94,85,IT,,24
94,87,IT,1,
94,88,IT,1,
94,89,IT,,11
94,90,IT,,27
94,92,IT,,47
94,93,IT,1,37
94,94,IT,1,79
94,95,IT,1,52
94,96,IT,,1
94,97,IT,,24
94,98,IT,1,46
94,99,IT,1,47
94,100,IT,1,56
94,101,IT,,46
94,102,IT,1,44
94,103,IT,1,87
94,104,IT,1,90
94,105,IT,1,68
94,106,IT,,36
94,107,IT,,10
94,108,IT,,23
94,109,IT,,20
95,56,IT,2,42
95,57,IT,1,75
95,58,IT,1,74
95,59,IT,1,84
95,60,IT,1,27
95,61,IT,1,66
95,62,IT,1,61
95,63,IT,1,71
95,64,IT,1,65
95,65,IT,1,20
95,66,IT,1,34
95,67,IT,1,39
95,68,IT,1,67
95,69,IT,,24
95,70,IT,,3
95,73,IT,,22
95,74,IT,1,37
95,75,IT,1,55
95,76,IT,1,54
95,77,IT,1,33
95,78,IT,1,27
95,79,IT,1,42
95,80,IT,,61
95,81,IT,1,41
95,82,IT,,13
95,83,IT,,7
95,84,IT,,7
95,85,IT,,27
95,86,IT,,17
95,87,IT,,31
95,88,IT,1,11
95,89,IT,1,68
95,90,IT,,61
95,91,IT,,17
95,92,IT,1,63
95,93,IT,1,82
95,94,IT,1,78
95,95,IT,,42
95,96,IT,,30
95,97,IT,,13
95,98,IT,,2
95,99,IT,,17
95,100,IT,,4
95,101,IT,,4
95,102,IT,,15
95,103,IT,1,64
95,104,IT,1,61
95,105,IT,1,65
95,106,IT,1,27
95,107,IT,1,31
95,108,IT,,14
95,109,IT,,4
95,112,IT,,27
95,117,IT,,16
95,125,IT,,4
95,126,IT,,1
96,56,IT,1,34
96,57,IT,1,73
96,58,IT,1,62
96,59,IT,,49
96,60,IT,,27
96,61,IT,1,68
96,62,IT,1,43
96,63,IT,1,73
96,64,IT,1,43
96,65,IT,,19
96,66,IT,1,68
96,67,IT,1,66
96,68,IT,,50
96,69,IT,,32
96,70,IT,,21
96,71,IT,,3
96,72,IT,,26
96,73,IT,1,54
96,74,IT,1,77
96,75,IT,1,57
96,76,IT,1,23
96,77,IT,1,24
96,78,IT,1,52
96,79,IT,1,34
96,80,IT,,44
96,81,IT,1,42
96,82,IT,,19
96,83,IT,,7
96,84,IT,,11
96,85,IT,1,51
96,86,IT,,49
96,87,IT,,25
96,88,IT,,29
96,89,IT,1,75
96,90,IT,1,74
96,91,IT,1,73
96,92,IT,1,61
96,93,IT,1,51
96,94,IT,1,77
96,95,IT,,58
96,96,IT,,3
96,97,IT,,19
96,99,IT,,22
96,102,IT,,17
96,103,IT,,11
96,104,IT,1,11
96,105,IT,1,47
96,106,IT,,29
96,107,IT,1,21
96,108,IT,,28
96,110,IT,,31
96,125,IT,,6
96,126,IT,,1
97,56,IT,1,37
97,57,IT,1,79
97,58,IT,1,67
97,59,IT,1,62
97,60,IT,1,64
97,61,IT,1,49
97,62,IT,1,16
97,63,IT,1,39
97,64,IT,1,69
97,65,IT,1,53
97,66,IT,,32
97,67,IT,,13
97,68,IT,,26
97,69,IT,,9
97,70,IT,,1
97,71,IT,,20
97,72,IT,1,38
97,73,IT,1,62
97,74,IT,1,71
97,75,IT,1,18
97,76,IT,1,48
97,77,IT,1,42
97,78,IT,1,51
97,79,IT,1,44
97,80,IT,1,47
97,81,IT,1,60
97,82,IT,,40
97,83,IT,,46
97,84,IT,,18
97,85,IT,,2
97,86,IT,,1
97,87,IT,,35
97,88,IT,1,34
97,89,IT,1,30
97,90,IT,1,12
97,91,IT,1,32
97,92,IT,,17
97,93,IT,1,39
97,94,IT,1,47
97,95,IT,,31
97,96,IT,,1
97,97,IT,,12
97,99,IT,,29
97,101,IT,,5
97,102,IT,,43
97,103,IT,,63
97,104,IT,,21
97,105,IT,1,16
97,106,IT,,39
97,107,IT,,1
97,110,IT,,1
97,112,IT,,14
97,121,IT,,5
97,122,IT,,7
97,123,IT,,19
97,124,IT,,25
98,55,IT,1,45
98,56,IT,,28
98,57,IT,,67
98,58,IT,,62
98,59,IT,1,76
98,60,IT,1,42
98,61,IT,1,75
98,62,IT,1,59
98,63,IT,1,76
98,64,IT,1,66
98,65,IT,1,61
98,66,IT,1,36
98,67,IT,,1
98,68,IT,,1
98,69,IT,1,20
98,70,IT,,24
98,71,IT,1,61
98,72,IT,1,56
98,73,IT,1,75
98,74,IT,1,64
98,75,IT,1,3
98,76,IT,1,60
98,77,IT,1,79
98,78,IT,1,57
98,79,IT,1,15
98,80,IT,1,47
98,81,IT,1,57
98,82,IT,,45
98,83,IT,1,25
98,84,IT,,59
98,85,IT,,10
98,87,IT,,57
98,88,IT,1,54
98,89,IT,1,64
98,90,IT,1,12
98,91,IT,,12
98,92,IT,,39
98,93,IT,,10
98,94,IT,1,51
98,95,IT,,12
98,96,IT,,1
98,97,IT,,13
98,98,IT,,3
98,99,IT,,3
98,100,IT,,3
98,101,IT,,35
98,102,IT,1,17
98,103,IT,1,57
98,104,IT,,25
98,106,IT,,34
98,108,IT,,7
98,109,IT,,15
98,110,IT,,25
98,111,IT,,3
98,112,IT,,13
98,121,IT,,5
98,122,IT,,4
98,124,IT,,8
98,125,IT,,2
99,54,IT,1,
99,55,IT,1,53
99,56,IT,,19
99,57,IT,1,70
99,58,IT,2,68
99,59,IT,1,79
99,60,IT,1,78
99,61,IT,1,64
99,62,IT,1,82
99,63,IT,1,43
99,64,IT,1,59
99,65,IT,1,73
99,66,IT,1,69
99,67,IT,1,29
99,68,IT,1,29
99,69,IT,1,62
99,70,IT,1,72
99,71,IT,1,79
99,72,IT,1,27
99,73,IT,1,26
99,74,IT,1,49
99,75,IT,1,26
99,76,IT,1,26
99,77,IT,1,77
99,78,IT,1,67
99,79,IT,,29
99,80,IT,,46
99,81,IT,1,81
99,82,IT,1,88
99,83,IT,1,50
99,84,IT,,48
99,85,IT,,9
99,88,IT,,55
99,89,IT,1,68
99,90,IT,1,62
99,91,IT,,30
99,92,IT,,28
99,93,IT,,14
99,94,IT,1,72
99,95,IT,1,19
99,96,IT,,14
99,97,IT,1,33
99,98,IT,1,69
99,99,IT,,39
99,100,IT,1,53
99,101,IT,1,33
99,108,IT,,18
99,111,IT,,30
99,112,IT,,2
99,121,IT,,14
99,122,IT,,2
99,123,IT,,12
99,124,IT,,25
99,125,IT,,16
99,126,IT,,15
100,52,IT,,77
100,53,IT,1,60
100,54,IT,1,30
100,55,IT,1,59
100,56,IT,,33
100,57,IT,,33
100,58,IT,1,73
100,59,IT,1,69
100,60,IT,1,31
100,61,IT,1,47
100,62,IT,1,52
100,63,IT,,29
100,64,IT,,63
100,65,IT,1,37
100,66,IT,1,39
100,67,IT,1,21
100,68,IT,1,39
100,69,IT,1,26
100,70,IT,1,77
100,71,IT,1,70
100,72,IT,1,62
100,73,IT,1,70
100,74,IT,,33
100,75,IT,,51
100,76,IT,,49
100,77,IT,,19
100,78,IT,1,49
100,79,IT,1,47
100,80,IT,1,69
100,81,IT,1,86
100,82,IT,1,90
100,83,IT,1,57
100,84,IT,,12
100,85,IT,,30
100,87,IT,,38
100,88,IT,,12
100,89,IT,,11
100,90,IT,,8
100,91,IT,,4
100,92,IT,,14
100,94,IT,,21
100,97,IT,,10
100,98,IT,1,45
100,99,IT,1,70
100,100,IT,1,73
100,101,IT,1,74
100,102,IT,,53
100,103,IT,,29
100,104,IT,,11
100,105,IT,,3
100,106,IT,,2
100,107,IT,,3
100,108,IT,,1
100,109,IT,,5
100,110,IT,,3
100,111,IT,,3
100,112,IT,,3
100,113,IT,,3
100,121,IT,,7
100,122,IT,,28
100,123,IT,,6
100,124,IT,,10
100,125,IT,,5
100,126,IT,,9
101,52,IT,,16
101,53,IT,1,58
101,54,IT,1,13
101,55,IT,1,38
101,56,IT,,53
101,57,IT,,78
101,58,IT,1,73
101,59,IT,1,78
101,60,IT,1,48
101,61,IT,,28
101,62,IT,1,33
101,63,IT,,26
101,64,IT,1,10
101,65,IT,,49
101,67,IT,,26
101,68,IT,1,46
101,69,IT,1,56
101,70,IT,1,79
101,71,IT,1,61
101,72,IT,1,33
101,73,IT,,24
101,74,IT,,22
101,75,IT,,46
101,76,IT,1,77
101,77,IT,1,52
101,78,IT,1,67
101,79,IT,1,62
101,80,IT,1,79
101,81,IT,1,81
101,82,IT,,65
101,83,IT,,11
101,85,IT,,6
101,86,IT,,14
101,87,IT,,7
101,88,IT,,9
101,89,IT,,11
101,90,IT,,9
101,91,IT,,14
101,92,IT,,6
101,94,IT,1,37
101,95,IT,1,33
101,96,IT,,1
101,97,IT,1,30
101,98,IT,1,61
101,99,IT,1,85
101,100,IT,1,78
101,101,IT,1,63
101,103,IT,,12
101,104,IT,1,52
101,105,IT,1,24
101,106,IT,,9
101,107,IT,,9
101,108,IT,,4
101,109,IT,,19
101,110,IT,,16
101,111,IT,,15
101,112,IT,,10
101,113,IT,,10
101,121,IT,,21
101,122,IT,,25
101,123,IT,,22
101,124,IT,,5
101,125,IT,,33
101,126,IT,,4
102,51,IT,1,15
102,52,IT,1,56
102,53,IT,1,29
102,54,IT,,32
102,55,IT,1,76
102,56,IT,1,71
102,57,IT,1,56
102,58,IT,1,49
102,59,IT,1,67
102,60,IT,1,69
102,61,IT,1,46
102,62,IT,1,59
102,63,IT,1,58
102,64,IT,1,45
102,65,IT,,35
102,66,IT,,25
102,67,IT,,27
102,68,IT,,62
102,69,IT,1,77
102,70,IT,,40
102,71,IT,,45
102,72,IT,,3
102,73,IT,,3
102,74,IT,1,53
102,75,IT,1,67
102,76,IT,1,45
102,77,IT,1,85
102,78,IT,1,87
102,79,IT,1,74
102,80,IT,1,59
102,81,IT,1,59
102,82,IT,,37
102,83,IT,,51
102,84,IT,,35
102,85,IT,,10
102,86,IT,,4
102,87,IT,,16
102,88,IT,,8
102,90,IT,,4
102,91,IT,,31
102,92,IT,,3
102,93,IT,,16
102,94,IT,,13
102,95,IT,,45
102,96,IT,1,66
102,97,IT,1,81
102,98,IT,1,76
102,99,IT,1,66
102,100,IT,1,20
102,101,IT,,9
102,104,IT,1,8
102,105,IT,,44
102,106,IT,,4
102,110,IT,,21
102,111,IT,,21
102,114,IT,,5
102,115,IT,,3
102,120,IT,,7
102,121,IT,,20
102,122,IT,,39
102,123,IT,,22
102,124,IT,,29
102,125,IT,,4
102,126,IT,,6
103,48,IT,,92
103,49,IT,,13
103,50,IT,,41
103,51,IT,,9
103,52,IT,1,15
103,53,IT,1,63
103,54,IT,1,20
103,55,IT,1,73
103,56,IT,1,67
103,57,IT,1,62
103,58,IT,1,60
103,59,IT,1,42
103,60,IT,1,51
103,61,IT,1,81
103,62,IT,1,52
103,63,IT,1,49
103,64,IT,1,33
103,65,IT,,26
103,66,IT,,38
103,67,IT,,37
103,68,IT,,34
103,69,IT,1,69
103,70,IT,,14
103,73,IT,,24
103,74,IT,1,72
103,75,IT,1,76
103,76,IT,1,79
103,77,IT,1,91
103,78,IT,1,92
103,79,IT,1,88
103,80,IT,1,43
103,81,IT,1,59
103,82,IT,1,79
103,83,IT,1,70
103,84,IT,1,87
103,85,IT,1,23
103,86,IT,,47
103,87,IT,,4
103,88,IT,,16
103,90,IT,,1
103,91,IT,,5
103,92,IT,,13
103,93,IT,,83
103,94,IT,,39
103,95,IT,,30
103,96,IT,,54
103,97,IT,1,65
103,98,IT,,47
103,99,IT,,4
103,100,IT,,17
103,105,IT,,19
103,106,IT,,15
103,110,IT,,2
103,111,IT,,17
103,112,IT,,1
103,114,IT,,10
103,115,IT,,6
103,120,IT,,14
103,121,IT,1,31
103,122,IT,,23
103,123,IT,1,22
103,124,IT,,20
103,125,IT,,12
103,126,IT,,25
103,127,IT,,15
104,47,IT,,82
104,48,IT,,14
104,49,IT,,13
104,50,IT,1,25
104,51,IT,1,27
104,52,IT,1,56
104,53,IT,1,62
104,54,IT,1,66
104,55,IT,1,19
104,56,IT,1,30
104,57,IT,1,65
104,58,IT,1,74
104,59,IT,1,58
104,60,IT,1,70
104,61,IT,1,81
104,62,IT,1,73
104,63,IT,1,65
104,64,IT,1,63
104,65,IT,,32
104,66,IT,,54
104,67,IT,1,45
104,68,IT,1,68
104,69,IT,1,50
104,70,IT,,39
104,71,IT,,7
104,72,IT,,4
104,73,IT,,9
104,74,IT,1,31
104,75,IT,,67
104,76,IT,1,86
104,77,IT,1,86
104,78,IT,1,81
104,79,IT,1,40
104,80,IT,1,60
104,81,IT,1,85
104,82,IT,1,84
104,83,IT,1,78
104,84,IT,1,59
104,85,IT,1,9
104,86,IT,,20
104,87,IT,,33
104,88,IT,,31
104,92,IT,,4
104,93,IT,1,37
104,94,IT,1,7
104,95,IT,,2
104,96,IT,,22
104,97,IT,1,25
104,98,IT,1,65
104,99,IT,,15
104,100,IT,,25
104,103,IT,,18
104,104,IT,,13
104,105,IT,,9
104,106,IT,,7
104,115,IT,,13
104,116,IT,,16
104,119,IT,,5
104,120,IT,,15
104,121,IT,,19
104,122,IT,,5
104,123,IT,,39
104,124,IT,1,3
104,125,IT,,9
104,126,IT,1,7
104,127,IT,,8
105,42,IT,,81
105,43,IT,,1
105,44,IT,,70
105,45,IT,,87
105,46,IT,,27
105,47,IT,,1
105,48,IT,,33
105,49,IT,,34
105,50,IT,1,73
105,51,IT,1,36
105,52,IT,1,28
105,53,IT,1,49
105,54,IT,1,72
105,55,IT,1,31
105,56,IT,1,48
105,57,IT,1,81
105,58,IT,1,67
105,59,IT,1,85
105,60,IT,1,87
105,61,IT,1,79
105,62,IT,1,65
105,63,IT,1,43
105,64,IT,1,72
105,65,IT,,40
105,66,IT,,76
105,67,IT,1,76
105,68,IT,1,24
105,69,IT,1,40
105,70,IT,,1
105,71,IT,,4
105,72,IT,,26
105,73,IT,,8
105,74,IT,1,28
105,75,IT,1,40
105,76,IT,1,71
105,77,IT,1,64
105,78,IT,1,42
105,79,IT,1,54
105,80,IT,1,58
105,81,IT,,44
105,82,IT,1,62
105,83,IT,1,83
105,84,IT,1,84
105,85,IT,1,66
105,86,IT,,60
105,87,IT,,26
105,88,IT,,9
105,89,IT,,29
105,90,IT,,1
105,92,IT,,3
105,93,IT,,11
105,94,IT,1,44
105,95,IT,1,16
105,96,IT,1,54
105,97,IT,1,54
105,98,IT,,16
105,99,IT,,5
105,100,IT,,23
105,102,IT,,19
105,103,IT,,3
105,105,IT,,9
105,106,IT,,7
105,109,IT,1,
105,115,IT,,11
105,119,IT,,5
105,120,IT,,19
105,121,IT,,29
105,122,IT,,5
105,123,IT,,15
105,124,IT,,4
105,125,IT,,9
105,126,IT,,2
106,39,IT,,14
106,42,IT,,25
106,43,IT,,75
106,44,IT,,15
106,45,IT,,13
106,46,IT,,3
106,47,IT,1,19
106,48,IT,1,40
106,49,IT,,33
106,50,IT,1,30
106,51,IT,1,23
106,52,IT,1,36
106,53,IT,1,62
106,54,IT,,37
106,55,IT,,23
106,56,IT,1,84
106,57,IT,1,82
106,58,IT,1,23
106,60,IT,1,75
106,61,IT,1,75
106,62,IT,1,74
106,63,IT,1,36
106,64,IT,1,65
106,65,IT,1,26
106,66,IT,1,31
106,67,IT,1,34
106,68,IT,1,27
106,69,IT,,29
106,70,IT,,20
106,72,IT,,16
106,73,IT,,45
106,74,IT,1,87
106,75,IT,,88
106,76,IT,,29
106,77,IT,1,68
106,78,IT,1,63
106,79,IT,1,50
106,80,IT,1,53
106,81,IT,,9
106,82,IT,1,50
106,83,IT,1,81
106,84,IT,1,79
106,85,IT,1,82
106,86,IT,1,83
106,87,IT,,40
106,88,IT,,16
106,90,IT,,30
106,92,IT,,5
106,93,IT,,42
106,94,IT,1,54
106,95,IT,1,70
106,96,IT,,42
106,97,IT,1,61
106,100,IT,,12
106,101,IT,,4
106,108,IT,,6
106,109,IT,,34
106,110,IT,,4
106,111,IT,,9
106,112,IT,,1
106,113,IT,,1
106,114,IT,1,15
106,115,IT,,3
106,119,IT,,14
106,120,IT,,7
106,121,IT,,18
106,122,IT,,47
106,123,IT,,5
106,124,IT,,2
107,35,IT,,96
107,36,IT,,31
107,37,IT,,3
107,38,IT,,27
107,39,IT,,10
107,40,IT,,3
107,41,IT,,25
107,42,IT,,32
107,43,IT,,17
107,44,IT,,10
107,45,IT,1,13
107,46,IT,,12
107,47,IT,1,46
107,48,IT,1,10
107,49,IT,1,21
107,50,IT,1,72
107,51,IT,1,44
107,52,IT,1,66
107,53,IT,1,44
107,54,IT,1,42
107,55,IT,1,36
107,56,IT,1,38
107,57,IT,1,74
107,58,IT,1,57
107,59,IT,1,8
107,60,IT,1,60
107,61,IT,1,75
107,62,IT,1,47
107,63,IT,1,68
107,64,IT,1,64
107,65,IT,1,52
107,66,IT,1,35
107,67,IT,1,53
107,68,IT,1,57
107,69,IT,,18
107,71,IT,,48
107,72,IT,1,57
107,73,IT,1,75
107,74,IT,1,80
107,75,IT,1,81
107,76,IT,,52
107,77,IT,1,25
107,78,IT,,26
107,79,IT,1,54
107,80,IT,1,51
107,81,IT,,8
107,82,IT,,24
107,83,IT,1,70
107,84,IT,1,44
107,85,IT,1,55
107,86,IT,1,51
107,87,IT,,6
107,88,IT,,15
107,89,IT,,4
107,90,IT,,32
107,92,IT,,3
107,93,IT,,34
107,94,IT,,56
107,95,IT,,43
107,96,IT,,39
107,97,IT,,12
107,98,IT,,27
107,100,IT,,8
107,101,IT,,3
107,103,IT,,5
107,108,IT,,5
107,109,IT,,12
107,110,IT,,9
107,111,IT,,16
107,112,IT,,3
107,113,IT,,1
107,114,IT,1,12
107,115,IT,,2
107,116,IT,,5
107,117,IT,,2
107,118,IT,,7
107,119,IT,,11
107,120,IT,,5
107,121,IT,,18
107,122,IT,,50
107,123,IT,,15
107,124,IT,,2
108,33,IT,,73
108,34,IT,,23
108,36,IT,,23
108,37,IT,,15
108,38,IT,,33
108,39,IT,,43
108,40,IT,,47
108,41,IT,1,44
108,42,IT,,40
108,43,IT,,11
108,44,IT,,72
108,45,IT,,41
108,46,IT,,27
108,47,IT,,16
108,48,IT,1,83
108,49,IT,1,81
108,50,IT,1,82
108,51,IT,1,79
108,52,IT,1,40
108,53,IT,1,45
108,54,IT,1,68
108,55,IT,,22
108,56,IT,1,44
108,57,IT,1,82
108,58,IT,1,85
108,59,IT,1,91
108,60,IT,1,76
108,61,IT,,65
108,62,IT,,73
108,63,IT,,77
108,64,IT,1,46
108,65,IT,1,68
108,66,IT,,32
108,67,IT,,35
108,68,IT,,49
108,69,IT,,11
108,71,IT,,19
108,72,IT,1,40
108,73,IT,1,74
108,74,IT,1,84
108,75,IT,,83
108,76,IT,,36
108,77,IT,,34
108,78,IT,,10
108,79,IT,,27
108,80,IT,1,50
108,81,IT,1,11
108,82,IT,,45
108,83,IT,,47
108,84,IT,,19
108,85,IT,,27
108,86,IT,1,40
108,87,IT,,13
108,88,IT,,34
108,89,IT,,41
108,90,IT,1,2
108,91,IT,,15
108,92,IT,,28
108,93,IT,,13
108,94,IT,,25
108,95,IT,,34
108,96,IT,,42
108,101,IT,,7
108,102,IT,,35
108,103,IT,,57
108,104,IT,,16
108,108,IT,,31
108,109,IT,,14
108,112,IT,,16
108,113,IT,,12
108,114,IT,,7
108,115,IT,,3
108,116,IT,1,26
108,117,IT,,8
108,118,IT,,47
108,119,IT,,6
108,121,IT,,2
108,122,IT,1,20
108,123,IT,,16
108,124,IT,1,
108,125,IT,1,11
108,126,IT,,3
109,30,IT,,73
109,31,IT,,46
109,32,IT,,55
109,33,IT,,33
109,34,IT,,39
109,35,IT,,30
109,36,IT,,34
109,37,IT,,35
109,38,IT,1,64
109,39,IT,1,54
109,40,IT,1,53
109,41,IT,,40
109,42,IT,,41
109,43,IT,,33
109,44,IT,,68
109,45,IT,,20
109,46,IT,,21
109,47,IT,,26
109,48,IT,,17
109,49,IT,1,57
109,50,IT,1,62
109,51,IT,1,70
109,52,IT,1,15
109,53,IT,1,44
109,54,IT,,23
109,55,IT,1,78
109,56,IT,1,83
109,57,IT,1,48
109,58,IT,1,85
109,59,IT,1,89
109,60,IT,1,74
109,61,IT,1,55
109,62,IT,1,76
109,63,IT,1,49
109,64,IT,1,63
109,65,IT,1,38
109,66,IT,1,71
109,67,IT,1,22
109,68,IT,,42
109,69,IT,,26
109,70,IT,,24
109,71,IT,1,55
109,72,IT,1,69
109,73,IT,1,32
109,74,IT,1,32
109,75,IT,1,74
109,76,IT,,44
109,77,IT,,26
109,78,IT,,34
109,79,IT,1,57
109,80,IT,1,18
109,81,IT,,47
109,82,IT,,27
109,83,IT,,6
109,84,IT,1,40
109,85,IT,,22
109,86,IT,1,31
109,87,IT,,4
109,88,IT,,4
109,89,IT,,7
109,90,IT,,14
109,91,IT,,6
109,92,IT,,13
109,93,IT,,11
109,94,IT,,10
109,95,IT,1,37
109,96,IT,,43
109,100,IT,,21
109,101,IT,,10
109,102,IT,1,40
109,103,IT,,15
109,104,IT,,19
109,108,IT,,27
109,109,IT,,11
109,110,IT,,1
109,112,IT,,29
109,113,IT,,10
109,114,IT,,28
109,115,IT,,7
109,116,IT,,4
109,117,IT,1,32
109,118,IT,,34
109,119,IT,,24
109,120,IT,,3
109,121,IT,,18
109,122,IT,,43
109,123,IT,1,37
109,124,IT,1,16
109,125,IT,1,32
109,126,IT,,9
109,127,IT,,13
110,28,IT,,63
110,29,IT,,14
110,30,IT,,15
110,32,IT,1,45
110,33,IT,1,53
110,34,IT,,44
110,35,IT,,48
110,36,IT,,39
110,37,IT,1,73
110,38,IT,1,38
110,39,IT,1,20
110,40,IT,,61
110,41,IT,,79
110,42,IT,1,42
110,43,IT,1,35
110,44,IT,1,39
110,45,IT,,60
110,46,IT,1,67
110,47,IT,1,41
110,48,IT,,49
110,49,IT,1,66
110,50,IT,1,13
110,51,IT,1,60
110,52,IT,1,44
110,53,IT,1,38
110,54,IT,1,67
110,55,IT,1,78
110,56,IT,1,29
110,57,IT,1,34
110,58,IT,1,39
110,59,IT,1,60
110,60,IT,1,46
110,61,IT,1,72
110,62,IT,1,74
110,63,IT,1,37
110,64,IT,1,79
110,65,IT,1,84
110,66,IT,1,55
110,67,IT,1,41
110,68,IT,1,38
110,69,IT,,59
110,70,IT,,29
110,71,IT,,22
110,72,IT,1,56
110,73,IT,1,88
110,74,IT,1,50
110,75,IT,1,86
110,76,IT,,66
110,77,IT,,28
110,78,IT,,10
110,79,IT,1,26
110,80,IT,1,62
110,81,IT,1,64
110,83,IT,,33
110,84,IT,1,58
110,85,IT,,19
110,86,IT,,13
110,87,IT,,5
110,88,IT,,28
110,89,IT,,21
110,90,IT,1,22
110,92,IT,,5
110,93,IT,,38
110,94,IT,,5
110,95,IT,,7
110,96,IT,,19
110,100,IT,1,
110,103,IT,,19
110,106,IT,,3
110,107,IT,,24
110,108,IT,,28
110,109,IT,,14
110,110,IT,,3
110,112,IT,,11
110,113,IT,1,13
110,114,IT,1,
110,115,IT,1,
110,116,IT,,11
110,117,IT,,21
110,118,IT,1,14
110,119,IT,,32
110,120,IT,1,30
110,121,IT,,35
110,122,IT,,2
110,123,IT,,19
110,124,IT,1,35
110,125,IT,1,33
110,126,IT,,22
111,28,IT,,38
111,29,IT,,76
111,30,IT,,70
111,31,IT,1,26
111,32,IT,1,40
111,33,IT,1,25
111,34,IT,1,63
111,35,IT,1,82
111,36,IT,1,74
111,37,IT,1,43
111,38,IT,,56
111,39,IT,,28
111,40,IT,,62
111,41,IT,1,84
111,42,IT,1,70
111,43,IT,1,51
111,44,IT,,42
111,45,IT,,45
111,46,IT,1,34
111,47,IT,1,37
111,48,IT,1,30
111,49,IT,1,81
111,50,IT,1,81
111,51,IT,1,42
111,52,IT,1,63
111,53,IT,1,71
111,54,IT,1,71
111,55,IT,1,82
111,56,IT,,73
111,57,IT,1,76
111,58,IT,1,39
111,59,IT,1,41
111,60,IT,1,13
111,61,IT,1,85
111,62,IT,1,73
111,63,IT,1,64
111,64,IT,1,34
111,65,IT,1,85
111,66,IT,1,65
111,67,IT,1,56
111,68,IT,1,43
111,69,IT,1,62
111,70,IT,,29
111,71,IT,,33
111,72,IT,1,43
111,73,IT,1,94
111,74,IT,1,66
111,75,IT,1,44
111,76,IT,1,78
111,77,IT,,24
111,78,IT,,34
111,79,IT,,27
111,80,IT,1,56
111,81,IT,1,66
111,82,IT,1,18
111,83,IT,,52
111,84,IT,,39
111,85,IT,,39
111,87,IT,,6
111,88,IT,1,53
111,89,IT,,4
111,90,IT,,4
111,91,IT,,8
111,92,IT,,4
111,93,IT,,35
111,94,IT,,51
111,95,IT,,20
111,96,IT,,10
111,97,IT,,10
111,99,IT,,6
111,100,IT,1,
111,103,IT,,4
111,106,IT,,22
111,107,IT,,17
111,108,IT,,12
111,109,IT,,21
111,112,IT,,2
111,113,IT,,2
111,114,IT,1,7
111,117,IT,,3
111,118,IT,,10
111,119,IT,,6
111,120,IT,,4
111,121,IT,,4
111,123,IT,,4
111,124,IT,,6
111,125,IT,1,29
111,126,IT,,9
111,127,IT,,13
112,27,IT,1,34
112,28,IT,1,64
112,29,IT,1,27
112,30,IT,1,67
112,31,IT,1,40
112,32,IT,1,53
112,33,IT,1,43
112,34,IT,1,36
112,35,IT,1,95
112,36,IT,1,88
112,37,IT,1,86
112,38,IT,1,23
112,39,IT,,24
112,40,IT,,45
112,41,IT,1,92
112,42,IT,1,81
112,43,IT,1,50
112,44,IT,,67
112,45,IT,1,57
112,46,IT,1,37
112,47,IT,1,11
112,48,IT,1,47
112,49,IT,,60
112,50,IT,,80
112,51,IT,,40
112,52,IT,1,58
112,53,IT,,74
112,54,IT,1,66
112,55,IT,1,81
112,56,IT,,86
112,57,IT,1,79
112,58,IT,1,42
112,59,IT,,45
112,60,IT,,46
112,61,IT,1,76
112,62,IT,1,52
112,63,IT,1,44
112,64,IT,1,21
112,65,IT,1,70
112,66,IT,1,34
112,67,IT,1,75
112,68,IT,1,44
112,69,IT,1,51
112,70,IT,1,13
112,72,IT,1,
112,73,IT,1,46
112,74,IT,1,33
112,75,IT,1,59
112,76,IT,1,70
112,77,IT,,28
112,78,IT,,44
112,79,IT,1,24
112,80,IT,1,91
112,81,IT,1,51
112,82,IT,1,47
112,83,IT,,78
112,84,IT,,43
112,85,IT,,42
112,86,IT,1,21
112,87,IT,1,61
112,88,IT,1,72
112,89,IT,,30
112,91,IT,,23
112,92,IT,,17
112,93,IT,,33
112,94,IT,,42
112,95,IT,,14
112,98,IT,,14
112,99,IT,1,46
112,100,IT,1,
112,101,IT,1,11
112,102,IT,,24
112,106,IT,,36
112,107,IT,,25
112,108,IT,,3
112,109,IT,,9
112,110,IT,,2
112,112,IT,,13
112,113,IT,,2
112,114,IT,,32
112,117,IT,,5
112,118,IT,,24
112,119,IT,,32
112,120,IT,,7
112,121,IT,,14
112,122,IT,,30
112,123,IT,,4
112,125,IT,,11
112,126,IT,,16
112,127,IT,,35
113,26,IT,,5
113,27,IT,1,39
113,28,IT,1,75
113,29,IT,1,69
113,30,IT,1,61
113,31,IT,1,89
113,32,IT,1,96
113,33,IT,1,87
113,34,IT,1,95
113,35,IT,1,96
113,36,IT,1,87
113,37,IT,1,50
113,38,IT,1,78
113,39,IT,1,44
113,40,IT,1,67
113,41,IT,1,93
113,42,IT,1,54
113,43,IT,1,73
113,44,IT,1,16
113,45,IT,,29
113,46,IT,1,38
113,47,IT,1,33
113,48,IT,1,55
113,49,IT,1,41
113,50,IT,,75
113,51,IT,,69
113,52,IT,,42
113,53,IT,,66
113,54,IT,1,87
113,55,IT,1,49
113,56,IT,1,88
113,57,IT,1,44
113,58,IT,,44
113,59,IT,1,56
113,60,IT,1,65
113,61,IT,1,66
113,62,IT,,36
113,63,IT,,12
113,64,IT,1,59
113,65,IT,1,10
113,66,IT,1,49
113,67,IT,1,42
113,68,IT,1,75
113,69,IT,1,50
113,70,IT,1,54
113,71,IT,1,25
113,72,IT,1,77
113,73,IT,,17
113,74,IT,,18
113,75,IT,,52
113,76,IT,,67
113,77,IT,1,20
113,78,IT,1,15
113,79,IT,1,18
113,80,IT,1,44
113,81,IT,1,31
113,82,IT,1,60
113,83,IT,1,27
113,84,IT,,13
113,85,IT,,21
113,86,IT,1,1
113,87,IT,1,2
113,88,IT,1,27
113,89,IT,1,58
113,90,IT,,30
113,92,IT,,41
113,93,IT,,1
113,94,IT,,1
113,99,IT,,28
113,101,IT,,24
113,102,IT,,24
113,105,IT,,11
113,106,IT,,26
113,107,IT,,6
113,108,IT,,3
113,114,IT,,1
113,117,IT,,7
113,118,IT,1,20
113,119,IT,1,6
113,120,IT,1,6
113,121,IT,,39
113,122,IT,1,23
113,123,IT,,7
113,126,IT,,10
113,127,IT,,17
114,25,IT,,23
114,26,IT,,22
114,27,IT,1,61
114,28,IT,1,84
114,29,IT,1,75
114,30,IT,1,68
114,31,IT,,52
114,32,IT,1,83
114,33,IT,1,91
114,34,IT,1,98
114,35,IT,1,57
114,36,IT,1,65
114,37,IT,1,83
114,38,IT,1,92
114,39,IT,1,82
114,40,IT,1,82
114,41,IT,1,95
114,42,IT,1,89
114,43,IT,,76
114,44,IT,,61
114,45,IT,,75
114,46,IT,,9
114,47,IT,1,36
114,48,IT,1,54
114,49,IT,1,55
114,50,IT,1,75
114,51,IT,1,33
114,52,IT,1,33
114,53,IT,1,63
114,54,IT,1,76
114,55,IT,1,80
114,56,IT,1,85
114,57,IT,1,73
114,58,IT,1,36
114,59,IT,,37
114,60,IT,,76
114,61,IT,1,69
114,62,IT,1,89
114,63,IT,1,69
114,64,IT,1,59
114,65,IT,1,36
114,66,IT,,79
114,67,IT,1,78
114,68,IT,1,45
114,69,IT,,18
114,70,IT,1,78
114,71,IT,1,53
114,72,IT,1,24
114,74,IT,1,23
114,75,IT,,2
114,76,IT,,38
114,77,IT,1,16
114,78,IT,1,55
114,79,IT,1,59
114,80,IT,1,7
114,81,IT,1,41
114,82,IT,1,36
114,83,IT,1,36
114,84,IT,,60
114,85,IT,,30
114,87,IT,1,43
114,88,IT,1,38
114,89,IT,1,65
114,90,IT,,45
114,92,IT,,43
114,96,IT,,1
114,97,IT,,1
114,101,IT,,11
114,106,IT,,36
114,107,IT,,19
114,108,IT,,2
114,115,IT,,1
114,116,IT,,2
114,117,IT,,13
114,118,IT,1,47
114,119,IT,1,8
114,120,IT,1,19
114,121,IT,,48
114,122,IT,1,16
114,123,IT,1,23
114,124,IT,,8
114,127,IT,,18
115,23,IT,,47
115,24,IT,,69
115,25,IT,1,73
115,26,IT,,40
115,27,IT,1,12
115,28,IT,1,49
115,29,IT,1,79
115,30,IT,1,80
115,31,IT,1,85
115,32,IT,1,45
115,33,IT,1,80
115,34,IT,1,79
115,35,IT,1,80
115,36,IT,1,88
115,37,IT,1,94
115,38,IT,1,65
115,39,IT,1,85
115,40,IT,1,91
115,41,IT,1,94
115,42,IT,1,91
115,43,IT,,78
115,44,IT,,21
115,45,IT,1,53
115,46,IT,,30
115,47,IT,,21
115,48,IT,1,85
115,49,IT,1,85
115,50,IT,,29
115,51,IT,,40
115,52,IT,1,14
115,53,IT,1,34
115,54,IT,1,39
115,55,IT,1,79
115,56,IT,1,54
115,57,IT,1,50
115,58,IT,1,75
115,59,IT,1,50
115,60,IT,1,48
115,61,IT,1,62
115,62,IT,1,76
115,63,IT,1,66
115,64,IT,1,76
115,65,IT,1,21
115,66,IT,1,60
115,67,IT,1,52
115,68,IT,1,39
115,69,IT,,41
115,70,IT,1,26
115,71,IT,1,56
115,72,IT,,13
115,73,IT,,26
115,74,IT,1,52
115,75,IT,,18
115,76,IT,1,18
115,77,IT,1,70
115,78,IT,1,58
115,79,IT,1,70
115,80,IT,1,33
115,81,IT,,53
115,82,IT,,40
115,83,IT,1,60
115,84,IT,,28
115,85,IT,1,28
115,86,IT,1,29
115,87,IT,1,38
115,88,IT,,47
115,89,IT,,57
115,90,IT,,29
115,92,IT,,6
115,93,IT,,17
115,95,IT,,16
115,96,IT,,12
115,97,IT,,11
115,109,IT,,10
115,110,IT,,2
115,112,IT,,9
115,115,IT,,9
115,116,IT,,18
115,117,IT,1,39
115,118,IT,1,45
115,119,IT,1,10
115,120,IT,1,15
115,121,IT,1,38
115,122,IT,1,35
115,123,IT,1,16
115,124,IT,1,26
115,125,IT,,22
115,126,IT,,8
115,127,IT,,9
116,21,IT,,91
116,22,IT,,37
116,23,IT,1,44
116,24,IT,,83
116,25,IT,1,92
116,26,IT,1,66
116,27,IT,1,65
116,28,IT,1,65
116,29,IT,1,83
116,30,IT,1,51
116,31,IT,1,55
116,32,IT,1,56
116,33,IT,1,20
116,34,IT,1,38
116,35,IT,1,37
116,36,IT,1,87
116,37,IT,1,87
116,38,IT,1,90
116,39,IT,1,92
116,40,IT,1,80
116,41,IT,1,94
116,42,IT,1,56
116,43,IT,1,80
116,44,IT,,53
116,45,IT,,17
116,46,IT,1,39
116,47,IT,1,53
116,48,IT,1,87
116,49,IT,1,47
116,50,IT,1,38
116,51,IT,1,13
116,52,IT,,11
116,53,IT,1,74
116,54,IT,1,93
116,55,IT,1,87
116,56,IT,1,80
116,57,IT,1,35
116,58,IT,1,78
116,59,IT,1,60
116,60,IT,1,29
116,61,IT,1,54
116,62,IT,1,59
116,63,IT,1,44
116,64,IT,1,38
116,65,IT,,44
116,66,IT,,66
116,67,IT,1,31
116,68,IT,1,61
116,69,IT,1,61
116,70,IT,1,61
116,71,IT,1,57
116,72,IT,,43
116,73,IT,,54
116,74,IT,,25
116,75,IT,,6
116,76,IT,1,40
116,77,IT,1,71
116,78,IT,1,66
116,79,IT,,59
116,80,IT,1,79
116,81,IT,1,74
116,82,IT,1,67
116,83,IT,1,74
116,84,IT,1,66
116,85,IT,1,54
116,86,IT,1,65
116,87,IT,,49
116,88,IT,,33
116,89,IT,,69
116,90,IT,,63
116,91,IT,,24
116,92,IT,,4
116,93,IT,,13
116,95,IT,,8
116,96,IT,,1
116,108,IT,,10
116,109,IT,1,38
116,110,IT,,5
116,112,IT,,8
116,113,IT,,3
116,115,IT,,2
116,116,IT,,8
116,117,IT,,37
116,118,IT,1,45
116,119,IT,1,33
116,120,IT,1,25
116,121,IT,1,31
116,122,IT,1,6
116,123,IT,,4
116,124,IT,1,38
116,125,IT,,45
116,126,IT,,7
116,127,IT,,4
117,19,IT,,35
117,20,IT,,38
117,21,IT,1,71
117,22,IT,1,88
117,23,IT,1,95
117,24,IT,1,95
117,25,IT,1,88
117,26,IT,1,85
117,27,IT,1,50
117,28,IT,1,66
117,29,IT,1,80
117,30,IT,1,50
117,31,IT,1,58
117,32,IT,1,30
117,33,IT,,24
117,34,IT,,18
117,35,IT,1,40
117,36,IT,,66
117,37,IT,1,64
117,38,IT,1,99
117,39,IT,1,97
117,40,IT,1,51
117,41,IT,1,96
117,42,IT,1,93
117,43,IT,1,86
117,44,IT,,23
117,45,IT,,22
117,46,IT,,8
117,47,IT,1,60
117,48,IT,1,71
117,49,IT,1,63
117,50,IT,1,36
117,51,IT,1,11
117,52,IT,,55
117,53,IT,1,82
117,54,IT,1,90
117,55,IT,1,90
117,56,IT,1,82
117,57,IT,1,75
117,58,IT,1,52
117,59,IT,1,86
117,60,IT,1,80
117,61,IT,1,59
117,62,IT,1,84
117,63,IT,,58
117,64,IT,,12
117,65,IT,1,35
117,66,IT,1,47
117,67,IT,1,56
117,68,IT,1,43
117,69,IT,1,19
117,70,IT,1,77
117,71,IT,,14
117,72,IT,1,9
117,73,IT,,45
117,74,IT,,34
117,75,IT,,41
117,76,IT,1,39
117,77,IT,1,76
117,78,IT,1,73
117,79,IT,1,31
117,80,IT,1,57
117,81,IT,1,70
117,82,IT,1,76
117,83,IT,1,73
117,84,IT,1,53
117,85,IT,1,63
117,86,IT,,36
117,87,IT,,33
117,88,IT,,13
117,89,IT,,21
117,90,IT,,8
117,92,IT,,5
117,93,IT,,16
117,108,IT,,19
117,112,IT,,11
117,113,IT,,11
117,117,IT,,33
117,118,IT,,28
117,119,IT,1,36
117,120,IT,1,23
117,121,IT,1,38
117,122,IT,1,10
117,123,IT,,16
117,124,IT,,23
117,125,IT,1,12
117,126,IT,1,
118,16,IT,,37
118,17,IT,,83
118,18,IT,,30
118,19,IT,,19
118,20,IT,1,69
118,21,IT,1,67
118,22,IT,1,79
118,23,IT,1,91
118,24,IT,1,86
118,25,IT,1,87
118,26,IT,1,84
118,27,IT,1,53
118,28,IT,1,25
118,29,IT,1,22
118,30,IT,1,28
118,31,IT,1,24
118,32,IT,,25
118,33,IT,,21
118,34,IT,,12
118,35,IT,1,25
118,36,IT,1,36
118,37,IT,1,44
118,38,IT,1,78
118,39,IT,1,75
118,40,IT,1,86
118,41,IT,1,80
118,42,IT,1,89
118,43,IT,1,93
118,44,IT,1,34
118,45,IT,1,15
118,46,IT,2,9
118,47,IT,2,31
118,48,IT,1,62
118,49,IT,1,60
118,50,IT,1,34
118,51,IT,1,57
118,52,IT,1,36
118,53,IT,1,60
118,54,IT,1,95
118,55,IT,1,72
118,56,IT,1,82
118,57,IT,1,59
118,58,IT,1,74
118,59,IT,1,50
118,60,IT,1,44
118,61,IT,1,64
118,62,IT,1,79
118,63,IT,1,86
118,64,IT,1,48
118,65,IT,1,44
118,66,IT,1,47
118,67,IT,1,57
118,68,IT,1,72
118,69,IT,1,50
118,70,IT,1,65
118,71,IT,,20
118,72,IT,1,40
118,73,IT,,51
118,74,IT,1,27
118,75,IT,1,55
118,76,IT,1,64
118,77,IT,1,50
118,78,IT,1,73
118,79,IT,,39
118,80,IT,1,56
118,81,IT,1,63
118,82,IT,1,50
118,83,IT,1,62
118,84,IT,1,27
118,85,IT,1,62
118,86,IT,1,45
118,87,IT,,52
118,88,IT,,16
118,89,IT,,11
118,91,IT,,20
118,92,IT,,18
118,107,IT,,3
118,108,IT,,23
118,116,IT,,15
118,117,IT,,11
118,118,IT,1,30
118,119,IT,1,53
118,120,IT,1,26
118,121,IT,1,33
118,122,IT,1,39
118,123,IT,1,26
118,124,IT,,33
118,125,IT,,22
118,126,IT,,1
119,13,IT,,52
119,14,IT,,15
119,15,IT,,19
119,16,IT,,40
119,17,IT,1,38
119,18,IT,1,85
119,19,IT,,61
119,20,IT,1,61
119,21,IT,1,57
119,22,IT,1,85
119,23,IT,1,87
119,24,IT,1,87
119,25,IT,1,94
119,26,IT,1,88
119,27,IT,1,83
119,28,IT,1,74
119,29,IT,1,21
119,30,IT,1,43
119,31,IT,1,30
119,32,IT,1,60
119,33,IT,1,53
119,34,IT,1,53
119,35,IT,,69
119,36,IT,1,24
119,37,IT,,34
119,38,IT,1,39
119,39,IT,1,26
119,40,IT,1,88
119,41,IT,1,84
119,42,IT,1,86
119,43,IT,1,86
119,44,IT,1,81
119,45,IT,,75
119,46,IT,,31
119,47,IT,,57
119,48,IT,1,63
119,49,IT,1,69
119,50,IT,1,71
119,51,IT,1,36
119,52,IT,,41
119,53,IT,1,70
119,54,IT,1,88
119,55,IT,1,38
119,56,IT,1,73
119,57,IT,1,28
119,58,IT,1,29
119,59,IT,,48
119,60,IT,,58
119,61,IT,1,40
119,62,IT,1,48
119,63,IT,1,86
119,64,IT,1,69
119,65,IT,1,48
119,66,IT,1,67
119,67,IT,1,58
119,68,IT,,44
119,69,IT,1,56
119,70,IT,,16
119,71,IT,1,65
119,72,IT,,60
119,73,IT,1,32
119,74,IT,1,51
119,75,IT,1,51
119,76,IT,1,65
119,77,IT,1,51
119,78,IT,1,41
119,79,IT,1,69
119,80,IT,1,40
119,81,IT,1,75
119,82,IT,1,41
119,83,IT,1,53
119,84,IT,1,37
119,85,IT,1,57
119,86,IT,,16
119,87,IT,,36
119,88,IT,1,58
119,89,IT,,20
119,92,IT,,39
119,107,IT,,6
119,108,IT,,3
119,112,IT,,6
119,113,IT,,8
119,114,IT,,36
119,115,IT,,6
119,116,IT,1,12
119,117,IT,,28
119,118,IT,1,41
119,119,IT,1,38
119,120,IT,1,48
119,121,IT,1,24
119,122,IT,1,27
119,123,IT,1,47
119,124,IT,1,25
119,125,IT,1,19
119,126,IT,,2
119,127,IT,,89
120,5,IT,,46
120,6,IT,,58
120,7,IT,,68
120,8,IT,,64
120,9,IT,,55
120,10,IT,,67
120,11,IT,,74
120,12,IT,,60
120,13,IT,1,39
120,14,IT,1,33
120,15,IT,,54
120,16,IT,1,80
120,17,IT,1,79
120,18,IT,1,81
120,19,IT,1,85
120,20,IT,1,91
120,21,IT,1,86
120,22,IT,1,71
120,23,IT,1,83
120,24,IT,1,61
120,25,IT,1,78
120,26,IT,1,72
120,27,IT,1,33
120,28,IT,1,42
120,29,IT,1,58
120,30,IT,1,32
120,31,IT,1,38
120,32,IT,,23
120,33,IT,,12
120,34,IT,,3
120,35,IT,,27
120,36,IT,,33
120,37,IT,,2
120,38,IT,,4
120,39,IT,,18
120,40,IT,,49
120,41,IT,1,83
120,42,IT,1,77
120,43,IT,1,54
120,44,IT,1,38
120,45,IT,,29
120,46,IT,,7
120,47,IT,,60
120,48,IT,1,69
120,49,IT,1,68
120,50,IT,,59
120,51,IT,,9
120,52,IT,,29
120,53,IT,1,73
120,54,IT,1,57
120,55,IT,1,36
120,56,IT,1,84
120,57,IT,1,14
120,58,IT,,36
120,59,IT,1,48
120,60,IT,1,68
120,61,IT,,37
120,62,IT,1,40
120,63,IT,1,50
120,64,IT,1,72
120,65,IT,1,38
120,66,IT,,44
120,67,IT,1,71
120,68,IT,1,73
120,69,IT,1,53
120,70,IT,1,28
120,71,IT,1,47
120,72,IT,1,38
120,73,IT,1,54
120,74,IT,1,61
120,75,IT,1,23
120,76,IT,1,51
120,77,IT,1,49
120,78,IT,1,67
120,79,IT,1,45
120,80,IT,1,42
120,81,IT,1,41
120,82,IT,1,49
120,83,IT,,78
120,84,IT,,46
120,85,IT,1,41
120,86,IT,,2
120,87,IT,,39
120,88,IT,,49
120,89,IT,,12
120,90,IT,,14
120,91,IT,,35
120,92,IT,1,15
120,93,IT,,23
120,94,IT,,5
120,108,IT,,4
120,109,IT,,12
120,112,IT,,1
120,113,IT,,23
120,114,IT,,4
120,115,IT,,12
120,116,IT,1,19
120,117,IT,1,26
120,118,IT,1,31
120,119,IT,1,27
120,120,IT,1,42
120,121,IT,1,3
120,122,IT,1,27
120,123,IT,1,39
120,124,IT,,24
120,125,IT,1,23
120,126,IT,,3
121,2,IT,,88
121,3,IT,1,83
121,4,IT,,22
121,5,IT,,15
121,6,IT,,70
121,7,IT,1,62
121,8,IT,1,45
121,9,IT,1,56
121,10,IT,1,67
121,11,IT,,75
121,12,IT,,63
121,13,IT,1,76
121,14,IT,1,68
121,15,IT,1,78
121,16,IT,1,51
121,17,IT,1,86
121,18,IT,1,60
121,19,IT,1,70
121,20,IT,1,94
121,21,IT,1,43
121,22,IT,1,35
121,23,IT,,33
121,24,IT,,12
121,25,IT,,62
121,26,IT,,40
121,27,IT,,35
121,28,IT,1,30
121,29,IT,,43
121,30,IT,,29
121,31,IT,,33
121,32,IT,,44
121,33,IT,,44
121,34,IT,,25
121,35,IT,,33
121,36,IT,,17
121,37,IT,,6
121,38,IT,,14
121,39,IT,,37
121,40,IT,1,32
121,41,IT,1,43
121,42,IT,1,65
121,44,IT,,19
121,45,IT,,1
121,46,IT,,6
121,47,IT,,64
121,48,IT,1,68
121,49,IT,1,79
121,50,IT,1,85
121,51,IT,1,59
121,52,IT,,68
121,53,IT,1,39
121,54,IT,1,88
121,55,IT,1,72
121,56,IT,1,69
121,57,IT,1,31
121,58,IT,,19
121,59,IT,,44
121,60,IT,1,37
121,61,IT,1,43
121,62,IT,,16
121,63,IT,1,47
121,64,IT,1,52
121,65,IT,1,23
121,66,IT,,29
121,67,IT,1,45
121,68,IT,1,71
121,69,IT,,14
121,70,IT,,33
121,71,IT,1,60
121,72,IT,1,27
121,73,IT,,34
121,74,IT,1,58
121,75,IT,1,42
121,76,IT,1,39
121,77,IT,1,75
121,78,IT,1,35
121,79,IT,1,21
121,80,IT,,20
121,81,IT,1,53
121,82,IT,1,59
121,83,IT,1,67
121,84,IT,,6
121,89,IT,,13
121,90,IT,,16
121,91,IT,1,45
121,92,IT,,48
121,94,IT,,5
121,95,IT,,8
121,106,IT,,14
121,107,IT,,1
121,112,IT,,14
121,115,IT,1,4
121,116,IT,1,25
121,117,IT,1,22
121,118,IT,1,41
121,119,IT,1,28
121,120,IT,,32
121,121,IT,,1
121,122,IT,,3
121,123,IT,,35
121,124,IT,,29
121,126,IT,,40
122,0,IT,,8
122,1,IT,,30
122,2,IT,1,55
122,3,IT,1,56
122,4,IT,1,57
122,5,IT,1,44
122,6,IT,1,50
122,7,IT,1,75
122,8,IT,1,86
122,9,IT,1,69
122,10,IT,1,42
122,11,IT,1,44
122,12,IT,1,67
122,13,IT,1,
122,14,IT,1,37
122,15,IT,1,61
122,16,IT,1,91
122,17,IT,1,60
122,18,IT,1,51
122,19,IT,1,58
122,20,IT,1,47
122,21,IT,,65
122,22,IT,,28
122,23,IT,,35
122,24,IT,,43
122,25,IT,,53
122,26,IT,,42
122,27,IT,,45
122,28,IT,,17
122,29,IT,,44
122,30,IT,,29
122,31,IT,,8
122,32,IT,,31
122,33,IT,,21
122,34,IT,,8
122,35,IT,1,39
122,36,IT,1,
122,37,IT,1,12
122,38,IT,,10
122,39,IT,1,65
122,40,IT,1,43
122,41,IT,1,33
122,42,IT,1,40
122,43,IT,,14
122,44,IT,,25
122,45,IT,,17
122,46,IT,,20
122,47,IT,,29
122,48,IT,1,16
122,49,IT,1,64
122,50,IT,1,87
122,51,IT,1,86
122,52,IT,1,81
122,53,IT,1,31
122,54,IT,1,93
122,55,IT,1,94
122,56,IT,1,55
122,57,IT,1,17
122,58,IT,,39
122,59,IT,,29
122,60,IT,,60
122,61,IT,1,45
122,62,IT,1,39
122,63,IT,,25
122,64,IT,,25
122,65,IT,,26
122,66,IT,1,50
122,67,IT,1,17
122,68,IT,,58
122,69,IT,,12
122,70,IT,,41
122,71,IT,1,42
122,72,IT,1,21
122,73,IT,,17
122,74,IT,1,13
122,75,IT,,33
122,76,IT,,53
122,77,IT,,10
122,78,IT,,19
122,79,IT,1,23
122,80,IT,1,28
122,81,IT,1,18
122,82,IT,1,64
122,83,IT,,42
122,84,IT,,20
122,85,IT,,16
122,89,IT,,13
122,91,IT,,19
122,92,IT,,30
122,107,IT,,29
122,108,IT,,13
122,113,IT,,15
122,114,IT,,11
122,115,IT,,14
122,116,IT,,27
122,117,IT,1,37
122,118,IT,1,48
122,119,IT,1,45
122,120,IT,,48
122,121,IT,,34
122,122,IT,,14
122,123,IT,,27
122,124,IT,,9
122,125,IT,,20
122,126,IT,,61
123,0,IT,,30
123,1,IT,1,43
123,2,IT,1,54
123,3,IT,1,32
123,4,IT,,57
123,5,IT,1,26
123,6,IT,1,34
123,7,IT,1,53
123,8,IT,1,66
123,9,IT,1,87
123,10,IT,1,68
123,11,IT,1,65
123,12,IT,1,44
123,13,IT,,57
123,14,IT,,58
123,15,IT,1,85
123,16,IT,1,86
123,17,IT,1,39
123,18,IT,1,46
123,19,IT,,54
123,20,IT,1,50
123,21,IT,1,72
123,22,IT,1,27
123,23,IT,1,49
123,24,IT,,8
123,25,IT,1,52
123,26,IT,,68
123,27,IT,1,52
123,28,IT,1,25
123,29,IT,,10
123,30,IT,,18
123,33,IT,,24
123,34,IT,,29
123,35,IT,,34
123,36,IT,,3
123,37,IT,1,14
123,38,IT,1,17
123,39,IT,1,28
123,40,IT,1,52
123,41,IT,1,36
123,42,IT,1,24
123,44,IT,,18
123,46,IT,2,58
123,47,IT,,56
123,48,IT,1,61
123,49,IT,1,63
123,50,IT,1,82
123,51,IT,1,84
123,52,IT,1,80
123,53,IT,1,71
123,54,IT,1,48
123,55,IT,1,68
123,56,IT,1,62
123,57,IT,1,68
123,58,IT,,60
123,59,IT,,28
123,60,IT,,11
123,61,IT,,15
123,62,IT,,10
123,64,IT,1,29
123,65,IT,,55
123,66,IT,1,38
123,67,IT,,6
123,68,IT,,34
123,69,IT,,13
123,70,IT,1,42
123,71,IT,,7
123,72,IT,,5
123,73,IT,,4
123,75,IT,,7
123,76,IT,,38
123,77,IT,,10
123,78,IT,,51
123,79,IT,,31
123,80,IT,,31
123,81,IT,,3
123,82,IT,1,9
123,83,IT,,18
123,85,IT,,11
123,87,IT,,4
123,88,IT,,6
123,89,IT,,24
123,90,IT,,9
123,98,IT,,1
123,106,IT,,4
123,107,IT,,31
123,108,IT,,13
123,110,IT,,4
123,111,IT,,6
123,112,IT,,15
123,113,IT,,4
123,114,IT,1,15
123,115,IT,,17
123,116,IT,,28
123,117,IT,1,31
123,118,IT,1,41
123,119,IT,1,18
123,120,IT,1,32
123,121,IT,1,21
123,122,IT,1,36
123,123,IT,,12
123,124,IT,,7
123,125,IT,,5
123,126,IT,,78
124,0,IT,1,84
124,1,IT,1,73
124,2,IT,1,27
124,3,IT,1,50
124,4,IT,,56
124,5,IT,,42
124,6,IT,,39
124,7,IT,1,38
124,8,IT,1,67
124,9,IT,1,63
124,10,IT,1,70
124,11,IT,1,84
124,12,IT,1,77
124,13,IT,1,70
124,14,IT,,39
124,15,IT,1,67
124,16,IT,1,73
124,17,IT,,62
124,18,IT,,54
124,19,IT,,5
124,20,IT,1,9
124,21,IT,1,14
124,22,IT,1,35
124,23,IT,1,29
124,24,IT,1,5
124,25,IT,,23
124,26,IT,1,62
124,27,IT,,34
124,28,IT,1,19
124,29,IT,1,26
124,30,IT,,37
124,31,IT,,23
124,32,IT,,1
124,36,IT,,19
124,37,IT,,16
124,38,IT,,9
124,39,IT,,1
124,41,IT,1,48
124,42,IT,1,71
124,43,IT,,18
124,44,IT,,8
124,46,IT,1,37
124,47,IT,1,43
124,48,IT,1,89
124,49,IT,1,82
124,50,IT,1,85
124,51,IT,1,81
124,52,IT,1,37
124,53,IT,1,68
124,55,IT,1,54
124,56,IT,1,54
124,57,IT,,77
124,58,IT,1,47
124,59,IT,,29
124,60,IT,1,4
124,61,IT,,19
124,62,IT,,5
124,66,IT,1,9
124,67,IT,,6
124,68,IT,1,23
124,69,IT,,8
124,70,IT,,16
124,71,IT,,2
124,73,IT,,21
124,74,IT,,12
124,75,IT,,16
124,76,IT,,38
124,77,IT,,32
124,78,IT,,41
124,79,IT,,11
124,80,IT,,21
124,83,IT,,20
124,84,IT,,17
124,85,IT,,29
124,86,IT,1,7
124,87,IT,,29
124,88,IT,,8
124,89,IT,,17
124,91,IT,,9
124,92,IT,,6
124,93,IT,,6
124,94,IT,,20
124,98,IT,,4
124,99,IT,,2
124,106,IT,,21
124,107,IT,,38
124,108,IT,,8
124,113,IT,,19
124,114,IT,1,31
124,115,IT,1,13
124,116,IT,1,19
124,117,IT,1,33
124,118,IT,1,43
124,119,IT,1,23
124,120,IT,1,37
124,121,IT,1,37
124,122,IT,,34
124,123,IT,1,7
124,124,IT,,16
125,0,IT,1,73
125,1,IT,1,86
125,2,IT,1,33
125,3,IT,1,57
125,4,IT,1,84
125,5,IT,1,67
125,6,IT,1,58
125,7,IT,1,77
125,8,IT,1,83
125,9,IT,1,77
125,10,IT,1,42
125,11,IT,1,68
125,12,IT,1,71
125,13,IT,1,14
125,14,IT,,43
125,15,IT,1,21
125,16,IT,,22
125,17,IT,,37
125,18,IT,,40
125,19,IT,,43
125,20,IT,1,40
125,21,IT,1,15
125,22,IT,1,13
125,23,IT,,10
125,25,IT,,41
125,26,IT,,45
125,27,IT,,7
125,28,IT,,1
125,29,IT,1,19
125,30,IT,,14
125,31,IT,,34
125,32,IT,,17
125,35,IT,,5
125,36,IT,,26
125,37,IT,,38
125,38,IT,,13
125,39,IT,,1
125,41,IT,,19
125,42,IT,1,54
125,43,IT,,29
125,44,IT,,9
125,45,IT,,18
125,46,IT,,29
125,47,IT,1,77
125,48,IT,1,67
125,49,IT,1,32
125,50,IT,1,38
125,51,IT,1,67
125,52,IT,1,60
125,53,IT,1,29
125,54,IT,1,27
125,55,IT,1,61
125,56,IT,1,66
125,57,IT,1,86
125,58,IT,1,79
125,59,IT,1,71
125,60,IT,,21
125,62,IT,1,27
125,66,IT,,3
125,67,IT,,2
125,68,IT,1,5
125,69,IT,,2
125,71,IT,,9
125,72,IT,,12
125,74,IT,,8
125,75,IT,,33
125,76,IT,,21
125,77,IT,,15
125,78,IT,,8
125,79,IT,,4
125,80,IT,,8
125,82,IT,,3
125,83,IT,,34
125,84,IT,,65
125,85,IT,,42
125,86,IT,,26
125,87,IT,,6
125,88,IT,,46
125,90,IT,,7
125,91,IT,,10
125,92,IT,,12
125,93,IT,,22
125,94,IT,,11
125,95,IT,,6
125,110,IT,,11
125,111,IT,,19
125,112,IT,,15
125,113,IT,,15
125,114,IT,1,10
125,115,IT,1,12
125,116,IT,,24
125,117,IT,,25
125,118,IT,1,11
125,119,IT,1,33
125,120,IT,1,48
125,121,IT,1,41
125,122,IT,1,30
125,123,IT,,18
125,124,IT,,8
126,0,IT,1,81
126,1,IT,1,90
126,2,IT,1,23
126,3,IT,,57
126,4,IT,1,84
126,5,IT,1,88
126,6,IT,1,54
126,7,IT,1,74
126,8,IT,1,82
126,9,IT,1,82
126,10,IT,1,55
126,11,IT,,43
126,12,IT,,61
126,13,IT,,39
126,14,IT,,18
126,15,IT,,29
126,16,IT,,69
126,17,IT,,15
126,18,IT,,10
126,19,IT,,9
126,20,IT,,14
126,21,IT,1,23
126,22,IT,1,27
126,23,IT,,2
126,25,IT,,44
126,26,IT,,11
126,32,IT,,23
126,35,IT,1,12
126,36,IT,,11
126,37,IT,,4
126,41,IT,1,40
126,42,IT,1,48
126,43,IT,,8
126,44,IT,,4
126,46,IT,,19
126,47,IT,1,58
126,48,IT,,40
126,49,IT,,34
126,50,IT,,16
126,51,IT,1,42
126,52,IT,1,51
126,53,IT,1,71
126,54,IT,1,60
126,55,IT,1,50
126,56,IT,1,71
126,57,IT,1,83
126,58,IT,1,76
126,59,IT,1,55
126,60,IT,,63
126,62,IT,,44
126,69,IT,,20
126,74,IT,,19
126,75,IT,,12
126,76,IT,,28
126,77,IT,,39
126,78,IT,,6
126,82,IT,,7
126,83,IT,1,12
126,84,IT,1,76
126,85,IT,,68
126,86,IT,,8
126,87,IT,,9
126,88,IT,1,51
126,89,IT,,33
126,90,IT,,29
126,91,IT,,16
126,92,IT,,7
126,94,IT,,34
126,95,IT,,39
126,96,IT,,15
126,110,IT,,11
126,111,IT,,31
126,112,IT,,1
126,113,IT,1,10
126,114,IT,1,34
126,115,IT,1,34
126,116,IT,,24
126,117,IT,,4
126,118,IT,,15
126,119,IT,1,36
126,120,IT,1,41
126,121,IT,1,15
126,122,IT,1,25
126,123,IT,,17
126,124,IT,,11
127,0,IT,1,77
127,1,IT,1,84
127,2,IT,1,88
127,3,IT,,48
127,4,IT,1,72
127,5,IT,1,76
127,6,IT,1,77
127,7,IT,1,69
127,8,IT,1,68
127,9,IT,1,37
127,10,IT,1,85
127,11,IT,1,62
127,12,IT,,58
127,13,IT,1,23
127,14,IT,,51
127,15,IT,,3
127,16,IT,,13
127,17,IT,,54
127,18,IT,,18
127,19,IT,,11
127,20,IT,,62
127,21,IT,,23
127,22,IT,,14
127,23,IT,,4
127,24,IT,,11
127,25,IT,,46
127,26,IT,,12
127,27,IT,,27
127,28,IT,,57
127,29,IT,,16
127,30,IT,,7
127,32,IT,,3
127,33,IT,,30
127,35,IT,,36
127,36,IT,1,28
127,37,IT,,49
127,38,IT,,28
127,40,IT,,24
127,41,IT,1,16
127,42,IT,1,12
127,43,IT,,39
127,44,IT,,9
127,46,IT,,26
127,47,IT,,25
127,48,IT,,5
127,49,IT,,7
127,50,IT,,65
127,51,IT,1,70
127,52,IT,1,76
127,53,IT,1,80
127,54,IT,1,76
127,55,IT,1,31
127,56,IT,1,15
127,57,IT,1,75
127,58,IT,1,64
127,59,IT,1,15
127,60,IT,1,15
127,61,IT,,19
127,62,IT,,11
127,66,IT,,26
127,67,IT,,39
127,68,IT,,29
127,69,IT,,4
127,70,IT,,25
127,71,IT,,4
127,72,IT,,24
127,73,IT,,32
127,74,IT,,15
127,75,IT,,2
127,76,IT,,1
127,77,IT,,3
127,78,IT,,1
127,80,IT,,5
127,81,IT,,5
127,82,IT,1,13
127,83,IT,1,50
127,84,IT,1,38
127,85,IT,,22
127,86,IT,,13
127,87,IT,1,14
127,88,IT,1,53
127,89,IT,,13
127,90,IT,,7
127,93,IT,,26
127,94,IT,,43
127,95,IT,,30
127,96,IT,1,56
127,97,IT,1,45
127,98,IT,,12
127,99,IT,,1
127,100,IT,,6
127,101,IT,,5
127,102,IT,,11
127,105,IT,,24
127,110,IT,,16
127,111,IT,1,41
127,112,IT,1,38
127,113,IT,1,34
127,114,IT,1,30
127,115,IT,1,34
127,116,IT,1,16
127,117,IT,1,10
127,118,IT,1,31
127,119,IT,1,41
127,120,IT,1,38
127,121,IT,1,31
127,122,IT,1,15
127,123,IT,,2
127,124,IT,,79
