x,y,CNTR_ID,NA,TOT,TOT_P,du,lr,r,sbu,sdu,uc,vlr
0,3,NO,0,1,0,0,0,0,0,0,0,1
0,5,0,1,1,0,0,0,0,0,0,0,0
0,6,NO,0,1,74,0,1,0,0,0,0,0
0,7,NO,0,1,42,0,0,0,0,0,0,1
0,8,NO,0,1,14,0,0,0,0,0,0,1
1,0,NO,0,1,0,0,0,0,0,0,0,1
1,3,NO,0,1,3,0,0,0,0,0,0,1
1,4,NO,0,1,0,0,0,0,0,0,0,1
1,5,NO,0,1,29,0,1,0,0,0,0,0
1,6,NO,0,1,238,0,1,0,0,0,0,0
1,7,NO,0,1,16,0,0,0,0,0,0,1
2,0,NO,0,1,1,0,0,0,0,0,0,1
2,2,NO,1,1,0,0,0,0,0,0,0,0
2,3,NO,0,1,13,0,0,0,0,0,0,1
2,4,NO,0,1,13,0,0,0,0,0,0,1
2,5,NO,0,1,29,0,0,0,0,0,0,1
2,6,NO,0,1,29,0,0,0,0,0,0,1
2,7,NO,0,1,0,0,0,0,0,0,0,1
2,49,NO,0,1,14,0,1,0,0,0,0,0
2,50,NO,0,1,0,0,0,0,0,0,0,1
3,0,NO,0,1,4,0,0,0,0,0,0,1
3,1,NO,0,1,8,0,0,0,0,0,0,1
3,2,NO,0,1,24,0,0,1,0,0,0,0
3,3,NO,0,1,55,0,1,0,0,0,0,0
3,5,NO,0,1,0,0,0,0,0,0,0,1
3,6,NO,0,1,42,0,0,0,0,0,0,1
3,7,NO,0,1,17,0,0,0,0,0,0,1
3,9,NO,0,1,0,0,0,0,0,0,0,1
3,10,NO,0,1,5,0,0,0,0,0,0,1
3,49,NO,0,1,0,0,0,0,0,0,0,1
4,0,NO,0,1,54,0,1,0,0,0,0,0
4,1,NO,0,1,117,0,0,1,0,0,0,0
4,2,NO,0,1,283,0,0,1,0,0,0,0
4,3,NO,0,1,0,0,0,0,0,0,0,1
4,5,NO,0,1,0,0,0,0,0,0,0,1
4,6,NO,0,1,7,0,0,0,0,0,0,1
4,9,NO,0,1,0,0,0,0,0,0,0,1
4,10,NO,0,1,25,0,0,0,0,0,0,1
5,0,NO,0,1,304,0,0,1,0,0,0,0
5,1,NO,0,1,259,0,0,1,0,0,0,0
5,2,NO,0,1,355,0,0,1,0,0,0,0
5,3,NO,0,1,107,0,1,0,0,0,0,0
5,6,NO,0,1,19,0,0,0,0,0,0,1
5,7,NO,0,1,9,0,0,0,0,0,0,1
5,9,NO,0,1,2,0,0,0,0,0,0,1
5,10,NO,0,1,40,0,1,0,0,0,0,0
5,11,0,1,1,0,0,0,0,0,0,0,0
5,12,0,1,1,0,0,0,0,0,0,0,0
5,13,NO,0,1,2,0,0,0,0,0,0,1
5,33,NO,0,1,0,0,0,0,0,0,0,1
5,34,NO,0,1,1,0,0,0,0,0,0,1
5,35,NO,0,1,2,0,0,0,0,0,0,1
6,0,NO,0,1,29,0,0,0,0,0,0,1
6,1,NO,0,1,108,0,1,0,0,0,0,0
6,2,NO,0,1,0,0,0,0,0,0,0,1
6,6,NO,0,1,3,0,0,0,0,0,0,1
6,7,NO,0,1,0,0,0,0,0,0,0,1
6,10,NO,0,1,38,0,0,0,0,0,0,1
6,11,NO,0,1,0,0,0,0,0,0,0,1
6,23,NO,0,1,0,0,0,0,0,0,0,1
6,34,NO,0,1,3,0,0,0,0,0,0,1
6,35,NO,0,1,2,0,0,0,0,0,0,1
7,0,NO,0,1,0,0,0,0,0,0,0,1
7,1,NO,0,1,8,0,0,0,0,0,0,1
7,2,NO,0,1,0,0,0,0,0,0,0,1
7,6,NO,0,1,4,0,0,0,0,0,0,1
8,1,NO,0,1,2,0,0,0,0,0,0,1
8,2,NO,0,1,4,0,0,0,0,0,0,1
8,3,NO,0,1,0,0,0,0,0,0,0,1
8,12,NO,0,1,48,0,1,0,0,0,0,0
8,13,NO,0,1,9,0,0,0,0,0,0,1
8,61,NO,0,1,0,0,0,0,0,0,0,1
9,1,NO,0,1,0,0,0,0,0,0,0,1
9,12,NO,0,1,0,0,0,0,0,0,0,1
9,61,NO,0,1,85,0,1,0,0,0,0,0
9,62,NO,0,1,3,0,0,0,0,0,0,1
10,2,NO,0,1,1,0,0,0,0,0,0,1
10,61,NO,0,1,1,0,0,0,0,0,0,1
10,62,NO,0,1,0,0,0,0,0,0,0,1
11,2,NO,0,1,0,0,0,0,0,0,0,1
11,63,NO,0,1,3,0,0,0,0,0,0,1
11,64,NO,0,1,0,0,0,0,0,0,0,1
12,17,NO,0,1,0,0,0,0,0,0,0,1
12,64,NO,0,1,2,0,0,0,0,0,0,1
12,65,NO,0,1,1,0,0,0,0,0,0,1
13,17,NO,0,1,3,0,0,0,0,0,0,1
13,31,NO,0,1,0,0,0,0,0,0,0,1
13,32,NO,0,1,0,0,0,0,0,0,0,1
13,63,NO,0,1,2,0,0,0,0,0,0,1
13,64,NO,0,1,9,0,1,0,0,0,0,0
13,65,NO,0,1,0,0,0,0,0,0,0,1
14,10,NO,0,1,0,0,0,0,0,0,0,1
14,17,NO,0,1,1,0,0,0,0,0,0,1
14,18,NO,0,1,0,0,0,0,0,0,0,1
14,19,NO,0,1,0,0,0,0,0,0,0,1
14,31,NO,0,1,74,0,1,0,0,0,0,0
14,32,NO,0,1,119,0,1,0,0,0,0,0
14,33,NO,0,1,12,0,0,0,0,0,0,1
14,34,NO,0,1,1,0,0,0,0,0,0,1
14,47,NO,0,1,4,0,0,0,0,0,0,1
14,48,NO,0,1,1,0,0,0,0,0,0,1
15,12,NO,0,1,16,0,0,0,0,0,0,1
15,13,NO,0,1,10,0,0,0,0,0,0,1
15,17,NO,0,1,6,0,0,0,0,0,0,1
15,18,NO,0,1,4,0,0,0,0,0,0,1
15,32,NO,0,1,0,0,0,0,0,0,0,1
15,33,NO,0,1,12,0,0,0,0,0,0,1
15,34,NO,0,1,19,0,0,0,0,0,0,1
16,12,NO,0,1,13,0,0,0,0,0,0,1
16,13,NO,0,1,9,0,0,0,0,0,0,1
16,14,NO,0,1,18,0,0,0,0,0,0,1
16,17,NO,0,1,5,0,0,0,0,0,0,1
16,18,NO,0,1,2,0,1,0,0,0,0,0
16,27,NO,0,1,0,0,0,0,0,0,0,1
16,28,NO,0,1,22,0,0,0,0,0,0,1
16,29,NO,0,1,0,0,0,0,0,0,0,1
16,34,NO,0,1,17,0,0,0,0,0,0,1
17,13,NO,0,1,0,0,0,0,0,0,0,1
17,14,NO,0,1,3,0,0,0,0,0,0,1
17,19,NO,0,1,45,0,0,1,0,0,0,0
17,20,NO,0,1,203,0,0,1,0,0,0,0
17,21,NO,0,1,80,0,1,0,0,0,0,0
17,27,NO,0,1,2,0,0,0,0,0,0,1
17,28,NO,0,1,8,0,0,0,0,0,0,1
17,29,NO,0,1,27,0,0,0,0,0,0,1
17,30,NO,0,1,0,0,0,0,0,0,0,1
17,31,NO,0,1,2,0,0,0,0,0,0,1
18,18,NO,0,1,1,0,0,0,0,0,0,1
18,19,NO,0,1,7,0,0,0,0,0,0,1
18,20,NO,0,1,17,0,0,0,0,0,0,1
18,21,NO,0,1,319,0,0,1,0,0,0,0
18,22,NO,0,1,13,0,0,0,0,0,0,1
18,23,NO,0,1,2,0,0,0,0,0,0,1
18,24,NO,0,1,15,0,0,0,0,0,0,1
18,25,NO,0,1,39,0,1,0,0,0,0,0
18,27,NO,0,1,10,0,0,0,0,0,0,1
18,28,NO,0,1,0,0,0,0,0,0,0,1
18,29,NO,0,1,0,0,0,0,0,0,0,1
18,30,NO,0,1,2,0,0,0,0,0,0,1
18,31,NO,0,1,32,0,0,0,0,0,0,1
19,15,NO,0,1,2,0,0,0,0,0,0,1
19,16,NO,0,1,14,0,0,0,0,0,0,1
19,17,NO,0,1,1,0,0,0,0,0,0,1
19,18,NO,0,1,12,0,0,0,0,0,0,1
19,24,NO,0,1,0,0,0,0,0,0,0,1
19,25,NO,0,1,5,0,0,0,0,0,0,1
19,31,NO,0,1,27,0,0,0,0,0,0,1
19,32,NO,0,1,27,0,0,0,0,0,0,1
19,33,NO,0,1,26,0,0,0,0,0,0,1
20,16,NO,0,1,0,0,0,0,0,0,0,1
20,17,NO,0,1,0,0,0,0,0,0,0,1
20,31,NO,0,1,0,0,0,0,0,0,0,1
20,32,NO,0,1,11,0,0,0,0,0,0,1
20,33,NO,0,1,54,0,1,0,0,0,0,0
20,34,NO,1,1,0,0,0,0,0,0,0,0
21,20,NO,0,1,4,0,0,0,0,0,0,1
21,21,NO,0,1,4,0,0,0,0,0,0,1
21,22,NO,0,1,6,0,0,0,0,0,0,1
22,30,NO,0,1,8,0,0,0,0,0,0,1
22,31,NO,0,1,8,0,0,0,0,0,0,1
23,13,NO,0,1,1,0,0,0,0,0,0,1
23,14,NO,0,1,13,0,0,0,0,0,0,1
23,21,NO,0,1,0,0,0,0,0,0,0,1
24,14,NO,0,1,0,0,0,0,0,0,0,1
24,17,NO,0,1,1,0,0,0,0,0,0,1
24,32,NO,0,1,2,0,0,0,0,0,0,1
24,33,NO,0,1,6,0,0,0,0,0,0,1
24,34,NO,0,1,0,0,0,0,0,0,0,1
24,60,NO,0,1,0,0,0,0,0,0,0,1
25,17,NO,0,1,0,0,0,0,0,0,0,1
25,22,NO,0,1,0,0,0,0,0,0,0,1
25,25,NO,0,1,2,0,0,0,0,0,0,1
25,26,NO,0,1,19,0,0,0,0,0,0,1
25,27,NO,0,1,2,0,0,0,0,0,0,1
25,28,NO,0,1,0,0,0,0,0,0,0,1
25,29,NO,0,1,1,0,0,0,0,0,0,1
25,59,NO,0,1,2,0,0,0,0,0,0,1
25,60,NO,0,1,36,0,0,0,0,0,0,1
26,18,NO,0,1,0,0,0,0,0,0,0,1
26,21,NO,0,1,2,0,0,0,0,0,0,1
26,22,NO,0,1,7,0,0,0,0,0,0,1
26,23,NO,0,1,9,0,0,0,0,0,0,1
26,29,NO,0,1,2,0,0,0,0,0,0,1
26,30,NO,0,1,1,0,0,0,0,0,0,1
26,31,NO,0,1,1,0,0,0,0,0,0,1
26,32,NO,0,1,0,0,0,0,0,0,0,1
26,37,NO,0,1,0,0,0,0,0,0,0,1
26,38,NO,0,1,16,0,0,0,0,0,0,1
27,17,NO,0,1,8,0,0,0,0,0,0,1
27,20,NO,0,1,0,0,0,0,0,0,0,1
27,21,NO,1,1,6,0,0,0,0,0,0,0
27,24,NO,0,1,2,0,0,0,0,0,0,1
27,25,NO,0,1,18,0,0,0,0,0,0,1
27,31,NO,0,1,0,0,0,0,0,0,0,1
27,32,NO,0,1,1,0,0,0,0,0,0,1
27,34,NO,0,1,1,0,0,0,0,0,0,1
27,38,NO,0,1,0,0,0,0,0,0,0,1
28,20,NO,0,1,0,0,0,0,0,0,0,1
28,21,NO,0,1,3,0,0,0,0,0,0,1
28,22,NO,0,1,2,0,0,0,0,0,0,1
28,28,NO,0,1,3,0,0,0,0,0,0,1
28,29,NO,0,1,18,0,0,0,0,0,0,1
28,38,NO,0,1,0,0,0,0,0,0,0,1
29,25,NO,0,1,15,0,0,0,0,0,0,1
29,27,NO,0,1,5,0,0,0,0,0,0,1
29,28,NO,0,1,33,0,0,0,0,0,0,1
29,29,NO,0,1,60,0,1,0,0,0,0,0
29,30,NO,0,1,59,0,1,0,0,0,0,0
29,31,NO,0,1,35,0,1,0,0,0,0,0
29,32,NO,0,1,1,0,0,0,0,0,0,1
29,47,NO,0,1,12,0,0,0,0,0,0,1
30,24,NO,0,1,0,0,0,0,0,0,0,1
30,25,NO,0,1,23,0,0,0,0,0,0,1
30,26,NO,0,1,0,0,0,0,0,0,0,1
30,27,NO,0,1,0,0,0,0,0,0,0,1
30,28,NO,0,1,0,0,0,0,0,0,0,1
30,29,NO,0,1,0,0,0,0,0,0,0,1
30,30,NO,0,1,0,0,0,0,0,0,0,1
30,31,NO,0,1,26,0,0,0,0,0,0,1
30,32,NO,0,1,10,0,0,0,0,0,0,1
30,36,NO,0,1,0,0,0,0,0,0,0,1
30,37,NO,0,1,2,0,0,0,0,0,0,1
30,47,NO,0,1,0,0,0,0,0,0,0,1
30,48,NO,0,1,1481,1,0,0,0,0,0,0
30,49,NO,0,1,0,0,0,0,0,0,0,1
30,61,NO,0,1,6,0,0,0,0,0,0,1
30,62,NO,0,1,0,0,0,0,0,0,0,1
30,64,NO,0,1,0,0,0,0,0,0,0,1
31,25,NO,0,1,1,0,0,0,0,0,0,1
31,31,NO,0,1,0,0,0,0,0,0,0,1
31,36,NO,0,1,0,0,0,0,0,0,0,1
31,37,NO,0,1,0,0,0,0,0,0,0,1
31,39,NO,0,1,2,0,0,0,0,0,0,1
31,40,NO,0,1,24,0,0,0,0,0,0,1
31,41,NO,0,1,13,0,0,0,0,0,0,1
31,47,NO,0,1,0,0,0,0,0,0,0,1
31,48,NO,0,1,2762,1,0,0,0,0,0,0
31,49,NO,0,1,1936,1,0,0,0,0,0,0
31,50,NO,0,1,0,0,0,0,0,0,0,1
31,51,NO,0,1,156,0,0,0,1,0,0,0
32,28,NO,0,1,1,0,0,0,0,0,0,1
32,38,NO,0,1,0,0,0,0,0,0,0,1
32,39,NO,0,1,16,0,0,0,0,0,0,1
32,40,NO,0,1,0,0,0,0,0,0,0,1
32,41,NO,0,1,10,0,0,0,0,0,0,1
32,47,NO,0,1,0,0,0,0,0,0,0,1
32,48,NO,0,1,2423,1,0,0,0,0,0,0
32,49,NO,0,1,3648,1,0,0,0,0,0,0
32,50,NO,0,1,2049,1,0,0,0,0,0,0
32,51,NO,0,1,799,0,0,0,1,0,0,0
32,52,NO,0,1,1,0,0,0,0,0,0,1
33,26,NO,0,1,3,0,0,0,0,0,0,1
33,27,NO,0,1,10,0,0,0,0,0,0,1
33,28,NO,0,1,0,0,0,0,0,0,0,1
33,38,NO,0,1,0,0,0,0,0,0,0,1
33,39,NO,0,1,3,0,0,0,0,0,0,1
33,40,NO,0,1,1,0,0,0,0,0,0,1
33,47,NO,0,1,24,0,1,0,0,0,0,0
33,48,NO,0,1,824,0,0,0,1,0,0,0
33,49,NO,0,1,1326,0,0,0,1,0,0,0
33,50,NO,0,1,3583,1,0,0,0,0,0,0
33,51,NO,0,1,917,0,0,0,1,0,0,0
33,52,NO,0,1,564,0,0,0,1,0,0,0
34,38,NO,0,1,6,0,0,0,0,0,0,1
34,39,NO,0,1,1,0,0,0,0,0,0,1
34,40,NO,0,1,4,0,0,0,0,0,0,1
34,41,NO,0,1,0,0,0,0,0,0,0,1
34,47,NO,0,1,0,0,0,0,0,0,0,1
34,48,NO,0,1,2270,1,0,0,0,0,0,0
34,49,NO,0,1,658,0,0,0,1,0,0,0
34,50,NO,0,1,1233,0,0,0,1,0,0,0
34,51,NO,0,1,0,0,0,0,0,0,0,1
34,52,NO,0,1,634,0,0,0,1,0,0,0
34,53,NO,0,1,587,0,0,0,1,0,0,0
34,54,NO,1,1,20,0,0,0,0,0,0,0
35,39,NO,0,1,5,0,0,0,0,0,0,1
35,40,NO,0,1,0,0,0,0,0,0,0,1
35,48,NO,0,1,1819,1,0,0,0,0,0,0
35,49,NO,0,1,1205,0,0,0,1,0,0,0
35,52,NO,0,1,0,0,0,0,0,0,0,1
35,53,NO,0,1,7,0,0,0,0,0,0,1
35,54,NO,0,1,36,0,1,0,0,0,0,0
36,35,NO,0,1,0,0,0,0,0,0,0,1
36,38,NO,0,1,3,0,0,0,0,0,0,1
36,39,NO,0,1,30,0,0,0,0,0,0,1
36,40,NO,0,1,9,0,1,0,0,0,0,0
36,43,NO,0,1,16,0,0,0,0,0,0,1
36,44,NO,0,1,4,0,0,0,0,0,0,1
36,48,NO,0,1,999,1,0,0,0,0,0,0
36,49,NO,0,1,722,0,0,0,1,0,0,0
36,54,NO,0,1,0,0,0,0,0,0,0,1
36,55,NO,0,1,0,0,0,0,0,0,0,1
36,56,NO,0,1,0,0,0,0,0,0,0,1
37,38,NO,0,1,2,0,0,0,0,0,0,1
37,43,NO,0,1,13,0,0,0,0,0,0,1
37,44,NO,0,1,2,0,0,0,0,0,0,1
37,48,NO,0,1,153,0,0,0,1,0,0,0
37,49,NO,0,1,1760,0,0,0,1,0,0,0
37,50,NO,0,1,0,0,0,0,0,0,0,1
37,51,NO,0,1,10,0,0,0,0,0,0,1
37,52,NO,0,1,7,0,0,0,0,0,0,1
37,53,NO,0,1,0,0,0,0,0,0,0,1
37,54,NO,0,1,3,0,0,0,0,0,0,1
37,55,NO,0,1,7,0,0,0,0,0,0,1
37,56,NO,0,1,33,0,0,0,0,0,0,1
37,57,NO,0,1,13,0,1,0,0,0,0,0
38,38,NO,0,1,26,0,0,0,0,0,0,1
38,41,NO,0,1,0,0,0,0,0,0,0,1
38,44,NO,0,1,24,0,0,0,0,0,0,1
38,49,NO,0,1,1680,0,0,0,1,0,0,0
38,50,NO,0,1,656,0,0,0,1,0,0,0
38,51,NO,0,1,0,0,0,0,0,0,0,1
38,52,NO,0,1,0,0,0,0,0,0,0,1
38,53,NO,0,1,10,0,0,0,0,0,0,1
38,54,NO,0,1,4,0,0,0,0,0,0,1
38,56,NO,0,1,16,0,0,0,0,0,0,1
38,57,NO,0,1,38,0,0,0,0,0,0,1
38,58,NO,0,1,1,0,0,0,0,0,0,1
38,59,NO,0,1,0,0,0,0,0,0,0,1
39,38,NO,0,1,3,0,0,0,0,0,0,1
39,41,NO,0,1,25,0,0,0,0,0,0,1
39,42,NO,0,1,5,0,0,0,0,0,0,1
39,44,NO,0,1,50,0,1,0,0,0,0,0
39,49,NO,0,1,881,0,0,0,1,0,0,0
39,50,NO,0,1,2213,0,0,0,1,0,0,0
39,51,NO,0,1,112,0,1,0,0,0,0,0
39,52,NO,0,1,0,0,0,0,0,0,0,1
39,54,NO,0,1,10,0,0,0,0,0,0,1
39,57,NO,0,1,3,0,0,0,0,0,0,1
39,58,NO,0,1,70,0,1,0,0,0,0,0
39,59,NO,0,1,20,0,0,0,0,0,0,1
39,60,NO,0,1,0,0,0,0,0,0,0,1
40,19,NO,0,1,6,0,0,0,0,0,0,1
40,20,NO,0,1,11,0,0,0,0,0,0,1
40,21,NO,0,1,0,0,0,0,0,0,0,1
40,22,NO,0,1,2,0,0,0,0,0,0,1
40,23,NO,0,1,0,0,0,0,0,0,0,1
40,42,NO,0,1,7,0,0,0,0,0,0,1
40,44,NO,0,1,37,0,0,0,0,0,0,1
40,49,NO,0,1,60,0,1,0,0,0,0,0
40,50,NO,0,1,1303,0,0,0,1,0,0,0
40,51,NO,0,1,1085,0,0,0,1,0,0,0
40,54,NO,0,1,8,0,0,0,0,0,0,1
40,59,NO,0,1,8,0,0,0,0,0,0,1
40,60,NO,0,1,84,0,1,0,0,0,0,0
40,63,NO,0,1,32,0,0,0,0,0,0,1
40,64,NO,0,1,0,0,0,0,0,0,0,1
40,108,NO,0,1,2,0,0,0,0,0,0,1
41,19,NO,0,1,29,0,0,0,0,0,0,1
41,20,NO,0,1,41,0,1,0,0,0,0,0
41,21,NO,0,1,5,0,0,0,0,0,0,1
41,22,NO,0,1,10,0,0,0,0,0,0,1
41,23,NO,0,1,12,0,0,0,0,0,0,1
41,26,NO,0,1,1,0,0,0,0,0,0,1
41,39,NO,0,1,13,0,0,0,0,0,0,1
41,40,NO,0,1,3,0,0,0,0,0,0,1
41,41,NO,0,1,29,0,0,0,0,0,0,1
41,42,NO,0,1,7,0,0,0,0,0,0,1
41,43,NO,0,1,12,0,0,0,0,0,0,1
41,44,NO,0,1,97,0,1,0,0,0,0,0
41,45,NO,0,1,28,0,1,0,0,0,0,0
41,49,NO,0,1,20,0,1,0,0,0,0,0
41,50,NO,0,1,929,0,0,0,1,0,0,0
41,51,NO,0,1,77,0,1,0,0,0,0,0
41,52,NO,0,1,1,0,0,0,0,0,0,1
41,53,NO,0,1,0,0,0,0,0,0,0,1
41,54,NO,0,1,20,0,0,0,0,0,0,1
41,60,NO,0,1,73,0,1,0,0,0,0,0
41,61,NO,0,1,179,0,1,0,0,0,0,0
41,62,NO,0,1,12,0,0,0,0,0,0,1
41,63,NO,0,1,38,0,0,0,0,0,0,1
41,64,NO,0,1,1,0,0,0,0,0,0,1
42,18,NO,0,1,0,0,0,0,0,0,0,1
42,19,NO,0,1,38,0,0,0,0,0,0,1
42,20,NO,0,1,0,0,0,0,0,0,0,1
42,41,NO,0,1,1,0,0,0,0,0,0,1
42,42,NO,0,1,73,0,1,0,0,0,0,0
42,43,NO,0,1,91,0,1,0,0,0,0,0
42,44,NO,0,1,165,0,1,0,0,0,0,0
42,45,NO,0,1,46,0,1,0,0,0,0,0
42,50,NO,0,1,165,0,0,0,1,0,0,0
42,51,NO,0,1,53,0,1,0,0,0,0,0
42,52,NO,0,1,12,0,0,0,0,0,0,1
42,53,NO,0,1,24,0,0,0,0,0,0,1
42,54,NO,0,1,6,0,0,0,0,0,0,1
42,61,NO,0,1,35,0,0,0,0,0,0,1
42,62,NO,0,1,53,0,1,0,0,0,0,0
42,63,NO,0,1,35,0,0,0,0,0,0,1
43,18,NO,0,1,7,0,0,0,0,0,0,1
43,19,NO,0,1,104,0,1,0,0,0,0,0
43,42,NO,0,1,0,0,0,0,0,0,0,1
43,43,NO,0,1,23,0,1,0,0,0,0,0
43,44,NO,0,1,1,0,0,0,0,0,0,1
43,45,NO,0,1,0,0,0,0,0,0,0,1
43,51,NO,0,1,75,0,1,0,0,0,0,0
43,53,NO,0,1,0,0,0,0,0,0,0,1
43,54,NO,0,1,6,0,0,0,0,0,0,1
43,73,NO,0,1,0,0,0,0,0,0,0,1
43,74,NO,0,1,0,0,0,0,0,0,0,1
43,111,NO,0,1,3,0,0,0,0,0,0,1
44,18,NO,0,1,8,0,0,0,0,0,0,1
44,19,NO,0,1,1,0,0,0,0,0,0,1
44,40,NO,0,1,7,0,0,0,0,0,0,1
44,41,NO,0,1,19,0,0,0,0,0,0,1
44,42,NO,0,1,7,0,0,0,0,0,0,1
44,44,NO,0,1,1,0,0,0,0,0,0,1
44,51,NO,0,1,12,0,0,0,0,0,0,1
44,69,NO,0,1,5,0,0,0,0,0,0,1
44,73,NO,0,1,17,0,0,0,0,0,0,1
44,74,NO,0,1,40,0,0,0,0,0,0,1
44,75,NO,0,1,2,0,0,0,0,0,0,1
44,99,NO,0,1,88,0,1,0,0,0,0,0
44,100,NO,0,1,30,0,1,0,0,0,0,0
44,108,NO,0,1,2,0,0,0,0,0,0,1
44,110,NO,0,1,53,0,1,0,0,0,0,0
44,111,NO,0,1,7,0,0,0,0,0,0,1
45,2,NO,0,1,2,0,0,0,0,0,0,1
45,3,NO,0,1,0,0,0,0,0,0,0,1
45,17,NO,0,1,0,0,0,0,0,0,0,1
45,18,NO,0,1,31,0,0,0,0,0,0,1
45,40,NO,0,1,0,0,0,0,0,0,0,1
45,41,NO,0,1,18,0,0,0,0,0,0,1
45,44,NO,0,1,2,0,0,0,0,0,0,1
45,45,NO,0,1,64,0,1,0,0,0,0,0
45,46,NO,0,1,20,0,0,0,0,0,0,1
45,50,NO,0,1,0,0,0,0,0,0,0,1
45,51,NO,0,1,0,0,0,0,0,0,0,1
45,52,NO,0,1,5,0,0,0,0,0,0,1
45,53,NO,0,1,0,0,0,0,0,0,0,1
45,63,NO,0,1,0,0,0,0,0,0,0,1
45,73,NO,0,1,19,0,0,0,0,0,0,1
45,74,NO,0,1,12,0,0,0,0,0,0,1
45,75,NO,0,1,4,0,0,0,0,0,0,1
45,76,NO,0,1,4,0,0,0,0,0,0,1
45,92,NO,0,1,1,0,0,0,0,0,0,1
45,99,NO,0,1,0,0,0,0,0,0,0,1
45,100,NO,0,1,108,0,1,0,0,0,0,0
45,108,NO,0,1,2,0,0,0,0,0,0,1
45,110,NO,0,1,5,0,0,0,0,0,0,1
45,111,NO,0,1,17,0,0,0,0,0,0,1
46,2,NO,0,1,1,0,0,0,0,0,0,1
46,3,NO,0,1,0,0,0,0,0,0,0,1
46,4,NO,0,1,1,0,0,0,0,0,0,1
46,5,NO,0,1,3,0,0,0,0,0,0,1
46,18,NO,0,1,33,0,0,0,0,0,0,1
46,44,NO,0,1,0,0,0,0,0,0,0,1
46,45,NO,0,1,21,0,0,0,0,0,0,1
46,46,NO,0,1,8,0,0,0,0,0,0,1
46,47,NO,0,1,7,0,0,0,0,0,0,1
46,48,NO,0,1,63,0,1,0,0,0,0,0
46,49,NO,0,1,54,0,1,0,0,0,0,0
46,50,NO,0,1,383,0,0,1,0,0,0,0
46,51,NO,0,1,1183,0,0,1,0,0,0,0
46,52,NO,0,1,615,0,0,1,0,0,0,0
46,53,NO,0,1,130,0,1,0,0,0,0,0
46,54,NO,0,1,43,0,0,0,0,0,0,1
46,66,NO,0,1,7,0,0,0,0,0,0,1
46,67,NO,0,1,29,0,1,0,0,0,0,0
46,76,NO,0,1,138,0,1,0,0,0,0,0
46,77,NO,0,1,0,0,0,0,0,0,0,1
46,98,NO,0,1,3,0,0,0,0,0,0,1
46,99,NO,0,1,0,0,0,0,0,0,0,1
46,100,NO,0,1,38,0,1,0,0,0,0,0
46,105,NO,0,1,4,0,0,0,0,0,0,1
46,107,NO,0,1,1,0,0,0,0,0,0,1
46,108,NO,0,1,11,0,0,0,0,0,0,1
46,114,NO,0,1,0,0,0,0,0,0,0,1
47,0,NO,0,1,11,0,0,0,0,0,0,1
47,1,NO,0,1,2,0,0,0,0,0,0,1
47,2,NO,0,1,4,0,0,0,0,0,0,1
47,3,NO,0,1,2,0,0,0,0,0,0,1
47,6,NO,0,1,1,0,0,0,0,0,0,1
47,18,NO,0,1,29,0,0,0,0,0,0,1
47,19,NO,0,1,0,0,0,0,0,0,0,1
47,45,NO,0,1,0,0,0,0,0,0,0,1
47,46,NO,0,1,0,0,0,0,0,0,0,1
47,47,NO,0,1,0,0,0,0,0,0,0,1
47,48,NO,0,1,161,0,1,0,0,0,0,0
47,49,NO,0,1,19,0,0,0,0,0,0,1
47,50,NO,0,1,22,0,0,0,0,0,0,1
47,51,NO,0,1,887,0,0,1,0,0,0,0
47,52,NO,0,1,124,0,1,0,0,0,0,0
47,53,NO,0,1,8,0,0,0,0,0,0,1
47,54,NO,0,1,5,0,0,0,0,0,0,1
47,55,NO,0,1,0,0,0,0,0,0,0,1
47,56,NO,0,1,3,0,0,0,0,0,0,1
47,57,NO,0,1,0,0,0,0,0,0,0,1
47,66,NO,0,1,0,0,0,0,0,0,0,1
47,67,NO,0,1,66,0,1,0,0,0,0,0
47,76,NO,0,1,0,0,0,0,0,0,0,1
47,77,NO,0,1,54,0,1,0,0,0,0,0
47,98,NO,0,1,0,0,0,0,0,0,0,1
47,99,NO,0,1,1,0,0,0,0,0,0,1
47,100,NO,0,1,47,0,1,0,0,0,0,0
47,105,NO,0,1,2,0,0,0,0,0,0,1
47,108,NO,0,1,1,0,0,0,0,0,0,1
47,114,NO,0,1,2,0,0,0,0,0,0,1
47,120,NO,0,1,0,0,0,0,0,0,0,1
48,1,NO,0,1,2,0,0,0,0,0,0,1
48,2,NO,0,1,2,0,0,0,0,0,0,1
48,3,NO,0,1,1,0,0,0,0,0,0,1
48,4,NO,0,1,2,0,0,0,0,0,0,1
48,5,NO,0,1,16,0,0,0,0,0,0,1
48,6,NO,0,1,0,0,0,0,0,0,0,1
48,18,NO,0,1,21,0,0,0,0,0,0,1
48,19,NO,0,1,14,0,0,0,0,0,0,1
48,39,NO,0,1,15,0,0,0,0,0,0,1
48,40,NO,0,1,2,0,0,0,0,0,0,1
48,44,NO,0,1,6,0,0,0,0,0,0,1
48,57,NO,0,1,16,0,0,0,0,0,0,1
48,68,NO,0,1,3,0,0,0,0,0,0,1
48,77,NO,0,1,8,0,0,0,0,0,0,1
48,78,NO,0,1,3,0,0,0,0,0,0,1
48,100,NO,0,1,44,0,1,0,0,0,0,0
48,106,NO,0,1,6,0,0,0,0,0,0,1
48,116,NO,0,1,17,0,0,0,0,0,0,1
48,117,NO,0,1,0,0,0,0,0,0,0,1
48,120,NO,0,1,0,0,0,0,0,0,0,1
49,5,NO,0,1,13,0,0,0,0,0,0,1
49,6,NO,0,1,0,0,0,0,0,0,0,1
49,17,NO,0,1,1,0,0,0,0,0,0,1
49,18,NO,0,1,11,0,0,0,0,0,0,1
49,19,NO,0,1,6,0,0,0,0,0,0,1
49,44,NO,0,1,0,0,0,0,0,0,0,1
49,45,NO,0,1,0,0,0,0,0,0,0,1
49,50,NO,0,1,1,0,0,0,0,0,0,1
49,51,NO,0,1,0,0,0,0,0,0,0,1
49,52,NO,0,1,1,0,0,0,0,0,0,1
49,57,NO,0,1,0,0,0,0,0,0,0,1
49,78,NO,0,1,18,0,0,0,0,0,0,1
49,79,NO,0,1,1,0,0,0,0,0,0,1
49,98,NO,0,1,0,0,0,0,0,0,0,1
49,99,NO,0,1,29,0,0,0,0,0,0,1
49,100,NO,0,1,37,0,0,0,0,0,0,1
49,106,NO,0,1,5,0,0,0,0,0,0,1
49,107,NO,0,1,1,0,0,0,0,0,0,1
49,114,NO,0,1,6,0,0,0,0,0,0,1
49,116,NO,0,1,0,0,0,0,0,0,0,1
50,7,NO,0,1,1,0,0,0,0,0,0,1
50,8,NO,0,1,7,0,0,0,0,0,0,1
50,9,NO,0,1,21,0,0,0,0,0,0,1
50,10,NO,0,1,11,0,0,0,0,0,0,1
50,17,NO,0,1,20,0,0,0,0,0,0,1
50,18,NO,0,1,74,0,1,0,0,0,0,0
50,19,NO,0,1,2,0,0,0,0,0,0,1
50,41,NO,0,1,1,0,0,0,0,0,0,1
50,45,NO,0,1,2,0,0,0,0,0,0,1
50,49,NO,0,1,0,0,0,0,0,0,0,1
50,50,NO,0,1,2,0,0,0,0,0,0,1
50,51,NO,0,1,13,0,0,0,0,0,0,1
50,52,NO,0,1,0,0,0,0,0,0,0,1
50,74,NO,0,1,4,0,0,0,0,0,0,1
50,78,NO,0,1,0,0,0,0,0,0,0,1
50,79,NO,0,1,11,0,0,0,0,0,0,1
50,114,NO,0,1,3,0,0,0,0,0,0,1
50,115,NO,0,1,1,0,0,0,0,0,0,1
50,120,NO,0,1,2,0,0,0,0,0,0,1
50,121,NO,0,1,6,0,0,0,0,0,0,1
50,123,NO,0,1,6,0,0,0,0,0,0,1
51,7,NO,0,1,4,0,0,0,0,0,0,1
51,8,NO,0,1,1,0,0,0,0,0,0,1
51,9,NO,0,1,37,0,0,0,0,0,0,1
51,10,NO,0,1,72,0,1,0,0,0,0,0
51,11,NO,0,1,18,0,0,0,0,0,0,1
51,12,NO,0,1,8,0,0,0,0,0,0,1
51,14,NO,0,1,0,0,0,0,0,0,0,1
51,16,NO,0,1,17,0,0,0,0,0,0,1
51,17,NO,0,1,49,0,0,0,0,0,0,1
51,18,NO,0,1,12,0,0,0,0,0,0,1
51,41,NO,0,1,2,0,0,0,0,0,0,1
51,42,NO,0,1,1,0,0,0,0,0,0,1
51,45,NO,0,1,0,0,0,0,0,0,0,1
51,49,NO,0,1,51,0,1,0,0,0,0,0
51,50,NO,0,1,68,0,1,0,0,0,0,0
51,51,NO,0,1,9,0,0,0,0,0,0,1
51,52,NO,0,1,10,0,0,0,0,0,0,1
51,58,NO,0,1,9,0,0,0,0,0,0,1
51,59,NO,0,1,0,0,0,0,0,0,0,1
51,121,NO,0,1,0,0,0,0,0,0,0,1
51,122,NO,0,1,21,0,0,0,0,0,0,1
51,123,NO,0,1,41,0,0,0,0,0,0,1
52,7,NO,0,1,3,0,0,0,0,0,0,1
52,8,NO,0,1,0,0,0,0,0,0,0,1
52,9,NO,0,1,0,0,0,0,0,0,0,1
52,10,NO,0,1,0,0,0,0,0,0,0,1
52,11,NO,0,1,1,0,0,0,0,0,0,1
52,12,NO,0,1,12,0,0,0,0,0,0,1
52,13,NO,0,1,5,0,0,0,0,0,0,1
52,14,NO,0,1,8,0,0,0,0,0,0,1
52,16,NO,0,1,11,0,0,0,0,0,0,1
52,17,NO,0,1,14,0,0,0,0,0,0,1
52,50,NO,0,1,8,0,0,0,0,0,0,1
52,51,NO,0,1,2,0,0,0,0,0,0,1
52,52,NO,0,1,4,0,0,0,0,0,0,1
52,73,NO,0,1,11,0,0,0,0,0,0,1
52,74,NO,0,1,0,0,0,0,0,0,0,1
52,93,NO,0,1,4,0,0,0,0,0,0,1
52,94,NO,0,1,0,0,0,0,0,0,0,1
52,102,NO,0,1,2,0,0,0,0,0,0,1
52,106,NO,0,1,3,0,0,0,0,0,0,1
52,107,NO,0,1,11,0,0,0,0,0,0,1
52,114,NO,0,1,0,0,0,0,0,0,0,1
52,115,NO,0,1,4,0,0,0,0,0,0,1
52,121,NO,0,1,19,0,0,0,0,0,0,1
52,122,NO,0,1,26,0,0,0,0,0,0,1
52,124,NO,0,1,0,0,0,0,0,0,0,1
52,125,NO,0,1,4,0,0,0,0,0,0,1
52,126,NO,0,1,4,0,0,0,0,0,0,1
53,7,NO,0,1,5,0,0,0,0,0,0,1
53,8,NO,0,1,2,0,0,0,0,0,0,1
53,14,NO,0,1,5,0,0,0,0,0,0,1
53,15,NO,0,1,4,0,0,0,0,0,0,1
53,16,NO,0,1,30,0,0,0,0,0,0,1
53,17,NO,0,1,1,0,0,0,0,0,0,1
53,19,NO,0,1,0,0,0,0,0,0,0,1
53,52,NO,0,1,0,0,0,0,0,0,0,1
53,74,NO,0,1,0,0,0,0,0,0,0,1
53,93,NO,0,1,11,0,1,0,0,0,0,0
53,94,NO,0,1,0,0,0,0,0,0,0,1
53,102,NO,0,1,11,0,0,0,0,0,0,1
53,107,NO,0,1,3,0,0,0,0,0,0,1
53,115,NO,0,1,2,0,0,0,0,0,0,1
53,121,NO,0,1,44,0,1,0,0,0,0,0
53,122,NO,0,1,34,0,0,0,0,0,0,1
53,125,NO,0,1,12,0,0,0,0,0,0,1
53,126,NO,0,1,47,0,1,0,0,0,0,0
54,7,NO,0,1,0,0,0,0,0,0,0,1
54,8,NO,0,1,1,0,0,0,0,0,0,1
54,12,NO,0,1,0,0,0,0,0,0,0,1
54,13,NO,0,1,0,0,0,0,0,0,0,1
54,18,NO,0,1,0,0,0,0,0,0,0,1
54,19,NO,0,1,0,0,0,0,0,0,0,1
54,36,NO,0,1,2,0,0,0,0,0,0,1
54,39,NO,0,1,7,0,0,0,0,0,0,1
54,44,NO,0,1,18,0,0,0,0,0,0,1
54,51,NO,0,1,0,0,0,0,0,0,0,1
54,52,NO,0,1,1,0,0,0,0,0,0,1
54,94,NO,0,1,1,0,0,0,0,0,0,1
54,102,NO,0,1,2,0,0,0,0,0,0,1
54,104,NO,0,1,15,0,1,0,0,0,0,0
54,105,NO,0,1,215,0,1,0,0,0,0,0
54,106,NO,0,1,0,0,0,0,0,0,0,1
54,107,NO,0,1,17,0,0,0,0,0,0,1
54,115,NO,0,1,2,0,0,0,0,0,0,1
54,116,NO,0,1,2,0,0,0,0,0,0,1
54,117,NO,0,1,1,0,0,0,0,0,0,1
54,118,NO,0,1,0,0,0,0,0,0,0,1
54,120,NO,0,1,0,0,0,0,0,0,0,1
54,121,NO,0,1,13,0,0,0,0,0,0,1
54,125,NO,0,1,0,0,0,0,0,0,0,1
54,126,NO,0,1,11,0,0,0,0,0,0,1
55,7,NO,0,1,5,0,0,0,0,0,0,1
55,13,NO,0,1,3,0,0,0,0,0,0,1
55,36,NO,0,1,15,0,0,0,0,0,0,1
55,40,NO,0,1,6,0,0,0,0,0,0,1
55,41,NO,0,1,16,0,0,0,0,0,0,1
55,44,NO,0,1,2,0,0,0,0,0,0,1
55,45,NO,0,1,17,0,0,0,0,0,0,1
55,51,NO,0,1,9,0,1,0,0,0,0,0
55,52,NO,0,1,4,0,0,0,0,0,0,1
55,74,NO,0,1,0,0,0,0,0,0,0,1
55,83,NO,0,1,6,0,0,0,0,0,0,1
55,95,NO,0,1,29,0,0,0,0,0,0,1
55,101,NO,0,1,14,0,0,0,0,0,0,1
55,102,NO,0,1,17,0,0,0,0,0,0,1
55,103,NO,0,1,3,0,0,0,0,0,0,1
55,104,NO,0,1,65,0,1,0,0,0,0,0
55,105,NO,0,1,50,0,1,0,0,0,0,0
55,106,NO,0,1,0,0,0,0,0,0,0,1
55,107,NO,0,1,28,0,0,0,0,0,0,1
55,116,NO,0,1,2,0,0,0,0,0,0,1
55,117,NO,0,1,0,0,0,0,0,0,0,1
55,119,NO,0,1,8,0,0,0,0,0,0,1
55,121,NO,0,1,21,0,0,0,0,0,0,1
55,122,NO,0,1,0,0,0,0,0,0,0,1
56,5,NO,0,1,0,0,0,0,0,0,0,1
56,6,NO,0,1,0,0,0,0,0,0,0,1
56,7,NO,0,1,4,0,0,0,0,0,0,1
56,15,NO,0,1,0,0,0,0,0,0,0,1
56,25,NO,0,1,2,0,0,0,0,0,0,1
56,35,NO,0,1,0,0,0,0,0,0,0,1
56,36,NO,0,1,0,0,0,0,0,0,0,1
56,37,NO,0,1,2,0,0,0,0,0,0,1
56,41,NO,0,1,16,0,0,0,0,0,0,1
56,42,NO,0,1,10,0,0,0,0,0,0,1
56,45,NO,0,1,0,0,0,0,0,0,0,1
56,46,NO,0,1,1,0,0,0,0,0,0,1
56,52,NO,0,1,2,0,0,0,0,0,0,1
56,74,NO,0,1,2,0,0,0,0,0,0,1
56,75,NO,0,1,0,0,0,0,0,0,0,1
56,95,NO,0,1,9,0,0,0,0,0,0,1
56,96,NO,0,1,0,0,0,0,0,0,0,1
56,101,NO,0,1,1,0,0,0,0,0,0,1
56,102,NO,0,1,0,0,0,0,0,0,0,1
56,107,NO,0,1,20,0,0,0,0,0,0,1
56,108,NO,0,1,3,0,0,0,0,0,0,1
56,116,NO,0,1,2,0,0,0,0,0,0,1
56,117,NO,0,1,2,0,0,0,0,0,0,1
56,118,NO,0,1,2,0,0,0,0,0,0,1
56,119,NO,0,1,11,0,0,0,0,0,0,1
56,120,NO,0,1,0,0,0,0,0,0,0,1
56,121,NO,0,1,25,0,0,0,0,0,0,1
56,122,NO,0,1,15,0,0,0,0,0,0,1
56,127,NO,0,1,3,0,0,0,0,0,0,1
57,33,NO,0,1,0,0,0,0,0,0,0,1
57,34,NO,0,1,9,0,0,0,0,0,0,1
57,35,NO,0,1,2,0,0,0,0,0,0,1
57,37,NO,0,1,0,0,0,0,0,0,0,1
57,41,NO,0,1,9,0,0,0,0,0,0,1
57,42,NO,0,1,16,0,0,0,0,0,0,1
57,46,NO,0,1,22,0,0,0,0,0,0,1
57,47,NO,0,1,12,0,1,0,0,0,0,0
57,52,NO,0,1,13,0,0,0,0,0,0,1
57,53,NO,0,1,10,0,0,0,0,0,0,1
57,74,NO,0,1,2,0,0,0,0,0,0,1
57,75,NO,0,1,4,0,0,0,0,0,0,1
57,96,NO,0,1,5,0,0,0,0,0,0,1
57,97,NO,0,1,4,0,0,0,0,0,0,1
57,102,NO,0,1,1,0,0,0,0,0,0,1
57,104,NO,0,1,5,0,0,0,0,0,0,1
57,109,NO,0,1,1,0,0,0,0,0,0,1
57,114,NO,0,1,1,0,0,0,0,0,0,1
57,115,NO,0,1,0,0,0,0,0,0,0,1
57,116,NO,0,1,1,0,0,0,0,0,0,1
57,118,NO,0,1,7,0,0,0,0,0,0,1
57,119,NO,0,1,7,0,0,0,0,0,0,1
57,121,NO,0,1,6,0,0,0,0,0,0,1
57,122,NO,0,1,8,0,0,0,0,0,0,1
57,125,NO,0,1,4,0,0,0,0,0,0,1
57,126,NO,0,1,11,0,0,0,0,0,0,1
57,127,NO,0,1,1,0,0,0,0,0,0,1
58,6,NO,0,1,1,0,0,0,0,0,0,1
58,27,NO,0,1,0,0,0,0,0,0,0,1
58,29,NO,0,1,0,0,0,0,0,0,0,1
58,30,NO,0,1,13,0,0,0,0,0,0,1
58,31,NO,0,1,5,0,0,0,0,0,0,1
58,35,NO,0,1,0,0,0,0,0,0,0,1
58,36,NO,0,1,4,0,0,0,0,0,0,1
58,41,NO,0,1,3,0,0,0,0,0,0,1
58,42,NO,0,1,11,0,0,0,0,0,0,1
58,45,NO,0,1,0,0,0,0,0,0,0,1
58,46,NO,0,1,4,0,0,0,0,0,0,1
58,52,NO,0,1,3,0,0,0,0,0,0,1
58,54,NO,0,1,2,0,0,0,0,0,0,1
58,97,NO,0,1,11,0,0,0,0,0,0,1
58,98,NO,0,1,5,0,0,0,0,0,0,1
58,104,NO,0,1,0,0,0,0,0,0,0,1
58,110,NO,0,1,0,0,0,0,0,0,0,1
58,115,NO,0,1,9,0,0,0,0,0,0,1
58,116,NO,0,1,0,0,0,0,0,0,0,1
58,118,NO,0,1,1,0,0,0,0,0,0,1
58,119,NO,0,1,0,0,0,0,0,0,0,1
58,120,NO,0,1,2,0,0,0,0,0,0,1
58,121,NO,0,1,24,0,0,0,0,0,0,1
58,122,NO,0,1,0,0,0,0,0,0,0,1
58,125,NO,0,1,4,0,0,0,0,0,0,1
59,7,NO,0,1,0,0,0,0,0,0,0,1
59,23,NO,0,1,0,0,0,0,0,0,0,1
59,24,NO,0,1,7,0,0,0,0,0,0,1
59,25,NO,0,1,12,0,0,0,0,0,0,1
59,27,NO,0,1,12,0,0,0,0,0,0,1
59,28,NO,0,1,12,0,0,0,0,0,0,1
59,29,NO,0,1,3,0,0,0,0,0,0,1
59,32,NO,0,1,20,0,0,0,0,0,0,1
59,33,NO,0,1,137,0,1,0,0,0,0,0
59,34,NO,0,1,12,0,0,0,0,0,0,1
59,35,NO,0,1,1,0,0,0,0,0,0,1
59,44,NO,0,1,2,0,0,0,0,0,0,1
59,45,NO,0,1,102,0,1,0,0,0,0,0
59,55,NO,0,1,1,0,0,0,0,0,0,1
59,97,0,1,1,0,0,0,0,0,0,0,0
59,98,NO,0,1,12,0,0,0,0,0,0,1
59,99,NO,0,1,4,0,0,0,0,0,0,1
59,103,NO,0,1,8,0,0,0,0,0,0,1
59,104,NO,0,1,13,0,0,0,0,0,0,1
59,110,NO,0,1,3,0,0,0,0,0,0,1
59,111,NO,0,1,3,0,0,0,0,0,0,1
59,112,NO,0,1,7,0,0,0,0,0,0,1
59,113,NO,0,1,0,0,0,0,0,0,0,1
59,118,NO,0,1,4,0,0,0,0,0,0,1
59,119,NO,0,1,0,0,0,0,0,0,0,1
59,121,NO,0,1,52,0,1,0,0,0,0,0
59,122,NO,0,1,2,0,0,0,0,0,0,1
59,125,NO,0,1,5,0,0,0,0,0,0,1
60,23,NO,0,1,3,0,0,0,0,0,0,1
60,24,NO,0,1,3,0,0,0,0,0,0,1
60,25,NO,0,1,7,0,0,0,0,0,0,1
60,28,NO,0,1,17,0,0,0,0,0,0,1
60,29,NO,0,1,7,0,0,0,0,0,0,1
60,32,NO,0,1,53,0,1,0,0,0,0,0
60,33,NO,0,1,68,0,1,0,0,0,0,0
60,44,NO,0,1,0,0,0,0,0,0,0,1
60,45,NO,0,1,24,0,0,0,0,0,0,1
60,55,NO,0,1,0,0,0,0,0,0,0,1
60,76,NO,0,1,1,0,0,0,0,0,0,1
60,82,NO,0,1,3,0,0,0,0,0,0,1
60,98,NO,0,1,0,0,0,0,0,0,0,1
60,99,NO,0,1,7,0,0,0,0,0,0,1
60,100,NO,0,1,1,0,0,0,0,0,0,1
60,103,NO,0,1,0,0,0,0,0,0,0,1
60,104,NO,0,1,17,0,0,0,0,0,0,1
60,105,NO,0,1,20,0,0,0,0,0,0,1
60,106,NO,0,1,2,0,0,0,0,0,0,1
60,112,NO,0,1,0,0,0,0,0,0,0,1
60,113,NO,0,1,13,0,0,0,0,0,0,1
60,114,NO,0,1,3,0,0,0,0,0,0,1
60,116,NO,0,1,0,0,0,0,0,0,0,1
60,119,NO,0,1,26,0,1,0,0,0,0,0
60,121,NO,0,1,27,0,0,0,0,0,0,1
60,122,NO,0,1,25,0,0,0,0,0,0,1
60,123,NO,0,1,5,0,0,0,0,0,0,1
60,125,NO,0,1,2,0,0,0,0,0,0,1
61,18,NO,0,1,1,0,0,0,0,0,0,1
61,23,NO,0,1,11,0,0,0,0,0,0,1
61,24,NO,0,1,2,0,0,0,0,0,0,1
61,33,NO,0,1,0,0,0,0,0,0,0,1
61,55,NO,0,1,10,0,0,0,0,0,0,1
61,82,NO,0,1,6,0,0,0,0,0,0,1
61,83,NO,0,1,1,0,1,0,0,0,0,0
61,99,NO,0,1,3,0,0,0,0,0,0,1
61,100,NO,0,1,2,0,0,0,0,0,0,1
61,101,NO,0,1,2,0,0,0,0,0,0,1
61,102,NO,0,1,0,0,0,0,0,0,0,1
61,103,NO,0,1,7,0,0,0,0,0,0,1
61,105,NO,0,1,17,0,0,0,0,0,0,1
61,114,NO,0,1,3,0,0,0,0,0,0,1
61,115,NO,0,1,0,0,0,0,0,0,0,1
61,116,NO,0,1,3,0,0,0,0,0,0,1
61,117,NO,0,1,10,0,0,0,0,0,0,1
61,118,NO,0,1,19,0,0,0,0,0,0,1
61,119,NO,0,1,98,0,1,0,0,0,0,0
61,123,NO,0,1,8,0,0,0,0,0,0,1
61,124,NO,0,1,11,0,0,0,0,0,0,1
62,24,NO,0,1,0,0,0,0,0,0,0,1
62,27,NO,0,1,1,0,0,0,0,0,0,1
62,50,NO,0,1,2,0,0,0,0,0,0,1
62,51,NO,0,1,0,0,0,0,0,0,0,1
62,55,NO,0,1,0,0,0,0,0,0,0,1
62,99,0,1,1,0,0,0,0,0,0,0,0
62,100,NO,0,1,3,0,0,0,0,0,0,1
62,101,NO,0,1,8,0,0,0,0,0,0,1
62,102,NO,0,1,8,0,0,0,0,0,0,1
62,103,NO,0,1,6,0,0,0,0,0,0,1
62,104,NO,0,1,3,0,0,0,0,0,0,1
62,114,NO,0,1,0,0,0,0,0,0,0,1
62,115,NO,0,1,3,0,0,0,0,0,0,1
62,123,NO,0,1,19,0,0,0,0,0,0,1
62,124,NO,0,1,0,0,0,0,0,0,0,1
62,125,NO,0,1,6,0,0,0,0,0,0,1
63,24,NO,0,1,0,0,0,0,0,0,0,1
63,25,NO,0,1,0,0,0,0,0,0,0,1
63,50,NO,0,1,44,0,1,0,0,0,0,0
63,51,NO,0,1,28,0,0,0,0,0,0,1
63,52,NO,0,1,0,0,0,0,0,0,0,1
63,101,NO,0,1,6,0,1,0,0,0,0,0
63,104,NO,0,1,77,0,1,0,0,0,0,0
63,116,NO,0,1,1,0,0,0,0,0,0,1
63,117,NO,0,1,0,0,0,0,0,0,0,1
63,118,NO,0,1,7,0,0,0,0,0,0,1
63,122,NO,0,1,2,0,0,0,0,0,0,1
63,123,NO,0,1,20,0,0,0,0,0,0,1
64,31,NO,0,1,0,0,0,0,0,0,0,1
64,43,NO,0,1,10,0,0,0,0,0,0,1
64,44,NO,0,1,0,0,0,0,0,0,0,1
64,49,NO,0,1,3,0,0,0,0,0,0,1
64,50,NO,0,1,10,0,0,0,0,0,0,1
64,51,NO,0,1,48,0,0,0,0,0,0,1
64,52,NO,0,1,41,0,1,0,0,0,0,0
64,53,NO,0,1,15,0,1,0,0,0,0,0
64,56,NO,0,1,0,0,0,0,0,0,0,1
64,57,NO,0,1,0,0,0,0,0,0,0,1
64,104,NO,0,1,71,0,1,0,0,0,0,0
64,105,NO,0,1,76,0,1,0,0,0,0,0
64,117,NO,0,1,0,0,0,0,0,0,0,1
64,118,NO,0,1,9,0,0,0,0,0,0,1
64,119,NO,0,1,16,0,1,0,0,0,0,0
64,122,NO,0,1,2,0,0,0,0,0,0,1
64,123,NO,0,1,2,0,0,0,0,0,0,1
65,42,NO,0,1,6,0,0,0,0,0,0,1
65,43,NO,0,1,51,0,1,0,0,0,0,0
65,48,NO,0,1,23,0,1,0,0,0,0,0
65,49,NO,0,1,31,0,0,0,0,0,0,1
65,51,NO,0,1,9,0,0,0,0,0,0,1
65,52,NO,0,1,52,0,1,0,0,0,0,0
65,53,NO,0,1,303,0,1,0,0,0,0,0
65,54,NO,0,1,63,0,1,0,0,0,0,0
65,55,NO,0,1,10,0,0,0,0,0,0,1
65,56,NO,0,1,48,0,1,0,0,0,0,0
65,57,NO,0,1,4,0,0,0,0,0,0,1
65,85,NO,0,1,1,0,0,0,0,0,0,1
65,95,NO,0,1,0,0,0,0,0,0,0,1
65,96,NO,0,1,1,0,0,0,0,0,0,1
65,105,NO,0,1,14,0,1,0,0,0,0,0
66,42,NO,0,1,15,0,0,0,0,0,0,1
66,43,NO,0,1,36,0,0,0,0,0,0,1
66,48,NO,0,1,25,0,1,0,0,0,0,0
66,49,NO,0,1,0,0,0,0,0,0,0,1
66,52,NO,0,1,9,0,0,0,0,0,0,1
66,53,NO,0,1,106,0,1,0,0,0,0,0
66,54,NO,0,1,61,0,1,0,0,0,0,0
66,56,NO,0,1,8,0,0,0,0,0,0,1
66,57,NO,0,1,2,0,0,0,0,0,0,1
66,72,NO,0,1,0,0,0,0,0,0,0,1
66,73,NO,0,1,8,0,0,0,0,0,0,1
66,96,NO,0,1,2,0,0,0,0,0,0,1
66,100,NO,0,1,0,0,0,0,0,0,0,1
66,101,NO,0,1,1,0,0,0,0,0,0,1
66,107,NO,0,1,6,0,0,0,0,0,0,1
66,108,NO,0,1,29,0,0,0,0,0,0,1
66,120,NO,0,1,0,0,0,0,0,0,0,1
66,121,NO,0,1,9,0,0,0,0,0,0,1
67,48,NO,0,1,7,0,1,0,0,0,0,0
67,49,NO,0,1,18,0,0,0,0,0,0,1
67,53,NO,0,1,24,0,0,0,0,0,0,1
67,54,NO,0,1,33,0,1,0,0,0,0,0
67,57,NO,0,1,0,0,0,0,0,0,0,1
67,58,NO,0,1,17,0,0,0,0,0,0,1
67,59,NO,0,1,6,0,0,0,0,0,0,1
67,101,NO,0,1,0,0,0,0,0,0,0,1
67,108,NO,0,1,14,0,0,0,0,0,0,1
67,121,NO,0,1,3,0,0,0,0,0,0,1
67,122,NO,0,1,4,0,0,0,0,0,0,1
68,24,NO,0,1,0,0,0,0,0,0,0,1
68,49,NO,0,1,16,0,0,0,0,0,0,1
68,50,NO,0,1,28,0,0,0,0,0,0,1
68,54,NO,0,1,63,0,1,0,0,0,0,0
68,56,NO,0,1,2,0,1,0,0,0,0,0
68,57,NO,0,1,0,0,0,0,0,0,0,1
68,58,NO,0,1,7,0,0,0,0,0,0,1
68,59,NO,0,1,21,0,0,0,0,0,0,1
68,60,NO,0,1,10,0,0,0,0,0,0,1
68,61,NO,0,1,9,0,0,0,0,0,0,1
68,109,NO,0,1,2,0,0,0,0,0,0,1
69,23,NO,0,1,0,0,0,0,0,0,0,1
69,46,NO,0,1,3,0,0,0,0,0,0,1
69,50,NO,0,1,23,0,0,0,0,0,0,1
69,54,NO,0,1,3,0,0,0,0,0,0,1
69,55,NO,0,1,5,0,0,0,0,0,0,1
69,56,NO,0,1,17,0,0,0,0,0,0,1
69,57,NO,0,1,52,0,1,0,0,0,0,0
69,58,NO,0,1,55,0,1,0,0,0,0,0
69,59,NO,0,1,46,0,0,0,0,0,0,1
69,60,NO,0,1,0,0,0,0,0,0,0,1
69,61,NO,0,1,0,0,0,0,0,0,0,1
69,62,NO,0,1,7,0,0,0,0,0,0,1
69,109,NO,0,1,3,0,0,0,0,0,0,1
69,112,NO,0,1,0,0,0,0,0,0,0,1
69,121,NO,0,1,2,0,0,0,0,0,0,1
69,122,NO,0,1,7,0,0,0,0,0,0,1
70,42,NO,0,1,0,0,0,0,0,0,0,1
70,46,NO,0,1,4,0,0,0,0,0,0,1
70,49,NO,0,1,4,0,1,0,0,0,0,0
70,50,NO,0,1,14,0,0,0,0,0,0,1
70,55,NO,0,1,0,0,0,0,0,0,0,1
70,58,NO,0,1,0,0,0,0,0,0,0,1
70,59,NO,0,1,14,0,0,0,0,0,0,1
70,60,NO,0,1,15,0,0,0,0,0,0,1
70,61,NO,0,1,18,0,0,0,0,0,0,1
70,62,NO,0,1,3,0,0,0,0,0,0,1
70,63,NO,0,1,2,0,0,0,0,0,0,1
70,66,NO,0,1,1,0,0,0,0,0,0,1
70,112,NO,0,1,1,0,0,0,0,0,0,1
71,27,NO,0,1,4,0,0,0,0,0,0,1
71,29,NO,0,1,0,0,0,0,0,0,0,1
71,42,NO,0,1,1,0,0,0,0,0,0,1
71,49,NO,0,1,0,0,0,0,0,0,0,1
71,50,NO,0,1,14,0,0,0,0,0,0,1
71,61,NO,0,1,0,0,0,0,0,0,0,1
71,62,NO,0,1,2,0,0,0,0,0,0,1
71,63,NO,0,1,0,0,0,0,0,0,0,1
71,64,NO,0,1,0,0,0,0,0,0,0,1
71,123,NO,0,1,4,0,0,0,0,0,0,1
72,27,NO,0,1,0,0,0,0,0,0,0,1
72,29,NO,0,1,1,0,0,0,0,0,0,1
72,46,NO,0,1,5,0,0,0,0,0,0,1
72,47,NO,0,1,10,0,0,0,0,0,0,1
72,50,NO,0,1,46,0,0,0,0,0,0,1
72,62,NO,0,1,0,0,0,0,0,0,0,1
72,63,NO,0,1,3,0,0,0,0,0,0,1
72,64,NO,0,1,9,0,0,0,0,0,0,1
72,76,NO,0,1,0,0,0,0,0,0,0,1
72,80,NO,0,1,0,0,0,0,0,0,0,1
72,123,NO,0,1,4,0,0,0,0,0,0,1
72,124,NO,0,1,0,0,0,0,0,0,0,1
73,15,NO,0,1,0,0,0,0,0,0,0,1
73,19,NO,0,1,1,0,0,0,0,0,0,1
73,32,NO,0,1,6,0,0,0,0,0,0,1
73,47,NO,0,1,5,0,0,0,0,0,0,1
73,48,NO,0,1,44,0,1,0,0,0,0,0
73,49,NO,0,1,79,0,1,0,0,0,0,0
73,50,NO,0,1,48,0,0,0,0,0,0,1
73,51,NO,0,1,0,0,0,0,0,0,0,1
73,63,NO,0,1,0,0,0,0,0,0,0,1
73,64,NO,0,1,8,0,0,0,0,0,0,1
73,76,NO,0,1,0,0,0,0,0,0,0,1
73,80,NO,0,1,0,0,0,0,0,0,0,1
73,111,NO,0,1,1,0,0,0,0,0,0,1
74,5,NO,0,1,0,0,0,0,0,0,0,1
74,7,NO,0,1,5,0,0,0,0,0,0,1
74,8,NO,0,1,13,0,0,0,0,0,0,1
74,9,NO,0,1,3,0,0,0,0,0,0,1
74,12,NO,0,1,0,0,0,0,0,0,0,1
74,13,NO,0,1,4,0,0,0,0,0,0,1
74,14,NO,0,1,30,0,0,0,0,0,0,1
74,15,NO,0,1,65,0,1,0,0,0,0,0
74,16,NO,0,1,36,0,0,0,0,0,0,1
74,17,NO,0,1,7,0,0,0,0,0,0,1
74,18,NO,0,1,114,0,1,0,0,0,0,0
74,19,NO,0,1,127,0,1,0,0,0,0,0
74,20,NO,0,1,46,0,0,0,0,0,0,1
74,21,NO,0,1,5,0,0,0,0,0,0,1
74,45,NO,0,1,7,0,0,0,0,0,0,1
74,46,NO,0,1,0,0,0,0,0,0,0,1
74,48,NO,0,1,243,0,0,0,0,1,0,0
74,49,NO,0,1,1200,0,0,0,0,1,0,0
74,50,NO,0,1,637,0,0,0,0,1,0,0
74,51,NO,0,1,0,0,0,0,0,0,0,1
74,52,NO,0,1,6,0,0,0,0,0,0,1
74,53,NO,0,1,26,0,0,0,0,0,0,1
74,98,NO,0,1,0,0,0,0,0,0,0,1
74,124,NO,0,1,0,0,0,0,0,0,0,1
74,125,NO,0,1,5,0,0,0,0,0,0,1
75,4,NO,0,1,5,0,0,0,0,0,0,1
75,5,NO,0,1,1,0,0,0,0,0,0,1
75,7,NO,0,1,2,0,0,0,0,0,0,1
75,9,NO,0,1,13,0,0,0,0,0,0,1
75,10,NO,0,1,23,0,0,0,0,0,0,1
75,11,NO,0,1,10,0,0,0,0,0,0,1
75,12,NO,0,1,41,0,0,0,0,0,0,1
75,13,NO,0,1,45,0,0,0,0,0,0,1
75,14,NO,0,1,37,0,0,0,0,0,0,1
75,18,NO,0,1,18,0,0,0,0,0,0,1
75,19,NO,0,1,79,0,1,0,0,0,0,0
75,20,NO,0,1,120,0,1,0,0,0,0,0
75,21,NO,0,1,19,0,0,0,0,0,0,1
75,22,NO,0,1,91,0,1,0,0,0,0,0
75,23,NO,0,1,40,0,0,0,0,0,0,1
75,28,NO,0,1,0,0,0,0,0,0,0,1
75,29,NO,0,1,159,0,1,0,0,0,0,0
75,30,NO,0,1,150,0,1,0,0,0,0,0
75,31,NO,0,1,22,0,0,0,0,0,0,1
75,33,NO,0,1,7,0,0,0,0,0,0,1
75,34,NO,0,1,1,0,0,0,0,0,0,1
75,40,NO,0,1,2,0,0,0,0,0,0,1
75,41,NO,0,1,0,0,0,0,0,0,0,1
75,44,0,1,1,0,0,0,0,0,0,0,0
75,45,NO,0,1,59,0,1,0,0,0,0,0
75,46,NO,0,1,22,0,0,0,0,0,0,1
75,48,0,1,1,0,0,0,0,0,0,0,0
75,49,NO,0,1,414,0,0,0,0,1,0,0
75,50,NO,0,1,1174,0,0,0,0,1,0,0
75,51,NO,0,1,99,0,1,0,0,0,0,0
75,52,NO,0,1,0,0,0,0,0,0,0,1
75,53,NO,0,1,21,0,0,0,0,0,0,1
75,54,NO,0,1,35,0,0,0,0,0,0,1
75,55,NO,0,1,0,0,0,0,0,0,0,1
75,80,NO,0,1,1,0,0,0,0,0,0,1
75,124,NO,0,1,0,0,0,0,0,0,0,1
76,3,NO,0,1,1,0,0,0,0,0,0,1
76,4,NO,0,1,2,0,0,0,0,0,0,1
76,11,NO,0,1,0,0,0,0,0,0,0,1
76,12,NO,0,1,0,0,0,0,0,0,0,1
76,13,NO,0,1,0,0,0,0,0,0,0,1
76,18,NO,0,1,11,0,0,0,0,0,0,1
76,19,NO,0,1,2,0,0,0,0,0,0,1
76,22,NO,0,1,0,0,0,0,0,0,0,1
76,23,NO,0,1,7,0,0,0,0,0,0,1
76,24,NO,0,1,47,0,0,0,0,0,0,1
76,25,NO,0,1,32,0,0,0,0,0,0,1
76,26,NO,0,1,12,0,0,0,0,0,0,1
76,27,NO,0,1,24,0,0,0,0,0,0,1
76,28,NO,0,1,110,0,1,0,0,0,0,0
76,29,NO,0,1,99,0,1,0,0,0,0,0
76,30,NO,0,1,128,0,1,0,0,0,0,0
76,31,NO,0,1,294,0,1,0,0,0,0,0
76,32,NO,0,1,403,0,0,1,0,0,0,0
76,33,NO,0,1,1,0,0,0,0,0,0,1
76,34,NO,0,1,126,0,1,0,0,0,0,0
76,35,NO,0,1,9,0,0,0,0,0,0,1
76,36,NO,0,1,14,0,0,0,0,0,0,1
76,45,NO,0,1,23,0,0,0,0,0,0,1
76,46,NO,0,1,132,0,1,0,0,0,0,0
76,47,NO,0,1,77,0,1,0,0,0,0,0
76,48,NO,0,1,0,0,0,0,0,0,0,1
76,49,NO,0,1,105,0,0,0,0,1,0,0
76,50,NO,0,1,1153,0,0,0,0,1,0,0
76,51,NO,0,1,144,0,1,0,0,0,0,0
76,52,NO,0,1,15,0,0,0,0,0,0,1
76,53,NO,0,1,55,0,1,0,0,0,0,0
76,54,NO,0,1,26,0,0,0,0,0,0,1
76,55,NO,0,1,31,0,0,0,0,0,0,1
76,56,NO,0,1,4,0,0,0,0,0,0,1
76,71,NO,0,1,5,0,0,0,0,0,0,1
76,72,NO,0,1,5,0,0,0,0,0,0,1
76,73,NO,0,1,26,0,0,0,0,0,0,1
76,74,NO,0,1,178,0,1,0,0,0,0,0
76,79,NO,0,1,0,0,0,0,0,0,0,1
76,80,NO,0,1,4,0,0,0,0,0,0,1
76,123,NO,0,1,5,0,0,0,0,0,0,1
76,124,NO,0,1,1,0,0,0,0,0,0,1
77,2,NO,0,1,3,0,0,0,0,0,0,1
77,3,NO,0,1,0,0,0,0,0,0,0,1
77,13,NO,0,1,4,0,0,0,0,0,0,1
77,14,NO,0,1,2,0,0,0,0,0,0,1
77,16,NO,0,1,6,0,0,0,0,0,0,1
77,17,NO,0,1,8,0,0,0,0,0,0,1
77,18,NO,0,1,0,0,0,0,0,0,0,1
77,24,NO,0,1,0,0,0,0,0,0,0,1
77,25,NO,0,1,28,0,0,0,0,0,0,1
77,26,NO,0,1,51,0,1,0,0,0,0,0
77,27,NO,0,1,40,0,0,0,0,0,0,1
77,29,NO,0,1,6,0,0,0,0,0,0,1
77,30,NO,0,1,8,0,0,0,0,0,0,1
77,31,NO,0,1,326,0,0,1,0,0,0,0
77,32,NO,0,1,647,0,0,1,0,0,0,0
77,33,NO,0,1,0,0,0,0,0,0,0,1
77,34,NO,0,1,14,0,1,0,0,0,0,0
77,37,NO,0,1,0,0,0,0,0,0,0,1
77,39,NO,0,1,1,0,0,0,0,0,0,1
77,47,NO,0,1,23,0,0,0,0,0,0,1
77,48,NO,0,1,2,0,0,0,0,0,0,1
77,49,NO,0,1,559,0,0,0,0,1,0,0
77,50,NO,0,1,380,0,0,0,0,1,0,0
77,51,NO,0,1,129,0,1,0,0,0,0,0
77,52,NO,0,1,3,0,0,0,0,0,0,1
77,53,NO,0,1,5,0,0,0,0,0,0,1
77,54,NO,0,1,18,0,0,0,0,0,0,1
77,55,NO,0,1,6,0,0,0,0,0,0,1
77,56,NO,0,1,0,0,0,0,0,0,0,1
77,57,NO,0,1,25,0,0,0,0,0,0,1
77,58,NO,0,1,1,0,0,0,0,0,0,1
77,69,NO,0,1,11,0,0,0,0,0,0,1
77,70,NO,0,1,9,0,0,0,0,0,0,1
77,71,NO,0,1,23,0,1,0,0,0,0,0
77,72,NO,0,1,5,0,0,0,0,0,0,1
77,73,NO,0,1,0,0,0,0,0,0,0,1
77,74,NO,0,1,5,0,1,0,0,0,0,0
77,77,0,1,1,0,0,0,0,0,0,0,0
77,78,NO,0,1,0,0,0,0,0,0,0,1
77,79,NO,0,1,7,0,0,0,0,0,0,1
78,2,NO,0,1,1,0,0,0,0,0,0,1
78,14,NO,0,1,0,0,0,0,0,0,0,1
78,17,NO,0,1,3,0,0,0,0,0,0,1
78,26,NO,0,1,0,0,0,0,0,0,0,1
78,31,NO,0,1,128,0,1,0,0,0,0,0
78,32,NO,0,1,350,0,0,1,0,0,0,0
78,48,NO,0,1,26,0,0,0,0,0,0,1
78,49,NO,0,1,0,0,0,0,0,0,0,1
78,50,NO,0,1,0,0,0,0,0,0,0,1
78,53,NO,0,1,23,0,0,0,0,0,0,1
78,54,NO,0,1,11,0,0,0,0,0,0,1
78,55,NO,0,1,3,0,0,0,0,0,0,1
78,57,NO,0,1,0,0,0,0,0,0,0,1
78,58,NO,0,1,7,0,0,0,0,0,0,1
78,59,NO,0,1,21,0,0,0,0,0,0,1
78,60,NO,0,1,4,0,0,0,0,0,0,1
78,68,NO,0,1,8,0,0,0,0,0,0,1
78,69,NO,0,1,37,0,0,0,0,0,0,1
78,70,NO,0,1,0,0,0,0,0,0,0,1
78,78,NO,0,1,48,0,1,0,0,0,0,0
78,79,NO,0,1,0,0,0,0,0,0,0,1
79,0,NO,0,1,0,0,0,0,0,0,0,1
79,1,NO,0,1,10,0,0,0,0,0,0,1
79,14,NO,0,1,4,0,0,0,0,0,0,1
79,15,NO,0,1,2,0,0,0,0,0,0,1
79,18,NO,0,1,4,0,0,0,0,0,0,1
79,19,NO,0,1,3,0,0,0,0,0,0,1
79,31,NO,0,1,3,0,0,0,0,0,0,1
79,32,NO,0,1,0,0,0,0,0,0,0,1
79,33,NO,0,1,9,0,0,0,0,0,0,1
79,36,NO,0,1,25,0,0,0,0,0,0,1
79,37,NO,0,1,23,0,0,0,0,0,0,1
79,38,NO,0,1,0,0,0,0,0,0,0,1
79,40,NO,0,1,0,0,0,0,0,0,0,1
79,43,NO,0,1,0,0,0,0,0,0,0,1
79,48,NO,0,1,36,0,1,0,0,0,0,0
79,49,NO,0,1,0,0,0,0,0,0,0,1
79,54,NO,0,1,2,0,0,0,0,0,0,1
79,55,NO,0,1,30,0,0,0,0,0,0,1
79,56,NO,0,1,0,0,0,0,0,0,0,1
79,57,NO,0,1,16,0,0,0,0,0,0,1
79,59,NO,0,1,35,0,0,0,0,0,0,1
79,60,NO,0,1,31,0,0,0,0,0,0,1
79,61,NO,0,1,4,0,0,0,0,0,0,1
79,67,NO,0,1,5,0,0,0,0,0,0,1
79,68,NO,0,1,15,0,0,0,0,0,0,1
79,71,NO,0,1,0,0,0,0,0,0,0,1
79,74,NO,0,1,6,0,0,0,0,0,0,1
79,78,NO,0,1,6,0,0,0,0,0,0,1
80,13,NO,0,1,12,0,0,0,0,0,0,1
80,14,NO,0,1,3,0,0,0,0,0,0,1
80,15,NO,0,1,5,0,0,0,0,0,0,1
80,17,NO,0,1,1,0,0,0,0,0,0,1
80,19,NO,0,1,11,0,0,0,0,0,0,1
80,21,NO,0,1,3,0,0,0,0,0,0,1
80,31,NO,0,1,6,0,0,0,0,0,0,1
80,32,NO,0,1,8,0,0,0,0,0,0,1
80,33,NO,0,1,33,0,0,0,0,0,0,1
80,34,NO,0,1,0,0,0,0,0,0,0,1
80,39,NO,0,1,47,0,1,0,0,0,0,0
80,40,NO,0,1,29,0,0,0,0,0,0,1
80,42,NO,0,1,3,0,0,0,0,0,0,1
80,47,NO,0,1,68,0,1,0,0,0,0,0
80,48,NO,0,1,55,0,1,0,0,0,0,0
80,49,NO,0,1,0,0,0,0,0,0,0,1
80,55,NO,0,1,0,0,0,0,0,0,0,1
80,56,NO,0,1,16,0,0,0,0,0,0,1
80,57,NO,0,1,21,0,0,0,0,0,0,1
80,59,NO,0,1,13,0,0,0,0,0,0,1
80,60,NO,0,1,4,0,0,0,0,0,0,1
80,61,NO,0,1,5,0,0,0,0,0,0,1
80,62,NO,0,1,25,0,0,0,0,0,0,1
80,63,NO,0,1,10,0,0,0,0,0,0,1
80,66,NO,0,1,1,0,0,0,0,0,0,1
80,70,NO,0,1,14,0,0,0,0,0,0,1
80,71,NO,0,1,16,0,0,0,0,0,0,1
80,72,NO,0,1,22,0,0,0,0,0,0,1
80,73,NO,0,1,0,0,0,0,0,0,0,1
80,74,NO,0,1,5,0,0,0,0,0,0,1
80,79,NO,0,1,0,0,0,0,0,0,0,1
81,13,NO,0,1,5,0,0,0,0,0,0,1
81,20,NO,0,1,7,0,0,0,0,0,0,1
81,39,NO,0,1,0,0,0,0,0,0,0,1
81,48,NO,0,1,5,0,0,0,0,0,0,1
81,57,NO,0,1,5,0,0,0,0,0,0,1
81,58,NO,0,1,13,0,0,0,0,0,0,1
81,59,NO,0,1,4,0,0,0,0,0,0,1
81,60,NO,0,1,14,0,0,0,0,0,0,1
81,62,NO,0,1,8,0,0,0,0,0,0,1
81,63,NO,0,1,5,0,0,0,0,0,0,1
81,64,0,1,1,0,0,0,0,0,0,0,0
81,72,NO,0,1,39,0,0,0,0,0,0,1
81,73,NO,0,1,9,0,0,0,0,0,0,1
81,74,NO,0,1,2,0,0,0,0,0,0,1
81,77,NO,0,1,0,0,0,0,0,0,0,1
81,79,NO,0,1,1,0,0,0,0,0,0,1
82,13,NO,0,1,0,0,0,0,0,0,0,1
82,18,NO,0,1,0,0,0,0,0,0,0,1
82,19,NO,0,1,8,0,0,0,0,0,0,1
82,20,NO,0,1,10,0,0,0,0,0,0,1
82,30,NO,0,1,3,0,0,0,0,0,0,1
82,58,NO,0,1,19,0,0,0,0,0,0,1
82,59,NO,0,1,13,0,0,0,0,0,0,1
82,60,NO,0,1,14,0,0,0,0,0,0,1
82,61,NO,0,1,0,0,0,0,0,0,0,1
82,62,NO,0,1,10,0,0,0,0,0,0,1
82,74,NO,0,1,1,0,0,0,0,0,0,1
82,75,NO,0,1,0,0,0,0,0,0,0,1
83,13,NO,0,1,2,0,0,0,0,0,0,1
83,20,NO,0,1,5,0,0,0,0,0,0,1
83,44,NO,0,1,0,0,0,0,0,0,0,1
83,45,NO,0,1,2,0,0,0,0,0,0,1
83,46,NO,0,1,0,0,0,0,0,0,0,1
83,59,NO,0,1,325,0,0,1,0,0,0,0
83,60,NO,0,1,548,0,0,1,0,0,0,0
83,61,NO,0,1,15,0,1,0,0,0,0,0
83,64,NO,0,1,0,0,0,0,0,0,0,1
83,65,NO,0,1,10,0,0,0,0,0,0,1
83,66,NO,0,1,2,0,0,0,0,0,0,1
83,81,NO,0,1,0,0,0,0,0,0,0,1
84,12,NO,0,1,0,0,0,0,0,0,0,1
84,13,NO,0,1,3,0,0,0,0,0,0,1
84,46,NO,0,1,15,0,0,0,0,0,0,1
84,60,NO,0,1,14,0,0,0,0,0,0,1
84,61,NO,0,1,14,0,0,0,0,0,0,1
84,62,NO,0,1,4,0,0,0,0,0,0,1
84,63,NO,0,1,8,0,0,0,0,0,0,1
84,64,NO,0,1,0,0,0,0,0,0,0,1
84,67,NO,0,1,8,0,0,0,0,0,0,1
84,68,NO,0,1,0,0,0,0,0,0,0,1
84,82,NO,0,1,1,0,0,0,0,0,0,1
84,93,NO,0,1,0,0,0,0,0,0,0,1
85,1,NO,0,1,0,0,0,0,0,0,0,1
85,2,NO,0,1,12,0,0,0,0,0,0,1
85,62,NO,0,1,3,0,0,0,0,0,0,1
85,63,NO,0,1,15,0,0,0,0,0,0,1
85,64,NO,0,1,5,0,0,0,0,0,0,1
85,65,NO,0,1,5,0,0,0,0,0,0,1
85,66,NO,0,1,22,0,0,0,0,0,0,1
85,67,NO,0,1,13,0,0,0,0,0,0,1
85,68,NO,0,1,3,0,0,0,0,0,0,1
85,93,NO,0,1,1,0,0,0,0,0,0,1
86,1,NO,0,1,1,0,0,0,0,0,0,1
86,64,NO,0,1,0,0,0,0,0,0,0,1
86,65,NO,0,1,9,0,0,0,0,0,0,1
86,66,NO,0,1,46,0,1,0,0,0,0,0
86,85,NO,0,1,0,0,0,0,0,0,0,1
86,86,NO,0,1,0,0,0,0,0,0,0,1
86,87,NO,0,1,6,0,0,0,0,0,0,1
86,88,NO,0,1,2,0,0,0,0,0,0,1
86,89,NO,0,1,1,0,0,0,0,0,0,1
86,91,NO,0,1,2,0,0,0,0,0,0,1
87,0,NO,0,1,13,0,0,0,0,0,0,1
87,1,NO,0,1,0,0,0,0,0,0,0,1
87,65,NO,0,1,18,0,0,0,0,0,0,1
87,66,NO,0,1,12,0,0,0,0,0,0,1
87,68,NO,0,1,1,0,0,0,0,0,0,1
87,70,NO,0,1,0,0,0,0,0,0,0,1
87,85,NO,0,1,2,0,0,0,0,0,0,1
87,86,NO,0,1,5,0,0,0,0,0,0,1
87,89,NO,0,1,0,0,0,0,0,0,0,1
87,91,NO,0,1,0,0,0,0,0,0,0,1
88,0,NO,0,1,20,0,0,0,0,0,0,1
88,1,NO,0,1,0,0,0,0,0,0,0,1
88,65,NO,0,1,0,0,0,0,0,0,0,1
88,66,NO,0,1,2,0,0,0,0,0,0,1
88,70,NO,0,1,9,0,0,0,0,0,0,1
88,71,NO,0,1,11,0,0,0,0,0,0,1
88,85,NO,0,1,0,0,0,0,0,0,0,1
88,86,NO,0,1,1,0,0,0,0,0,0,1
88,98,NO,0,1,3,0,0,0,0,0,0,1
88,99,NO,0,1,4,0,0,0,0,0,0,1
88,118,NO,0,1,2,0,0,0,0,0,0,1
88,122,NO,0,1,3,0,0,0,0,0,0,1
89,0,NO,0,1,0,0,0,0,0,0,0,1
89,43,NO,0,1,1,0,0,0,0,0,0,1
89,72,NO,0,1,2,0,0,0,0,0,0,1
89,86,NO,0,1,1,0,0,0,0,0,0,1
89,98,NO,0,1,19,0,0,0,0,0,0,1
89,100,NO,0,1,5,0,0,0,0,0,0,1
89,121,NO,0,1,5,0,0,0,0,0,0,1
89,122,NO,0,1,4,0,0,0,0,0,0,1
89,123,NO,0,1,0,0,0,0,0,0,0,1
89,124,NO,0,1,1,0,0,0,0,0,0,1
89,125,NO,0,1,0,0,0,0,0,0,0,1
90,42,NO,0,1,3,0,0,0,0,0,0,1
90,43,NO,0,1,0,0,0,0,0,0,0,1
90,72,NO,0,1,0,0,0,0,0,0,0,1
90,86,NO,0,1,4,0,0,0,0,0,0,1
90,87,NO,0,1,8,0,0,0,0,0,0,1
90,98,NO,0,1,10,0,0,0,0,0,0,1
90,99,NO,0,1,23,0,0,0,0,0,0,1
90,100,NO,0,1,12,0,0,0,0,0,0,1
90,101,NO,0,1,20,0,0,0,0,0,0,1
90,123,NO,0,1,1,0,0,0,0,0,0,1
90,127,NO,0,1,29,0,0,0,0,0,0,1
91,41,NO,0,1,1,0,0,0,0,0,0,1
91,42,NO,0,1,0,0,0,0,0,0,0,1
91,86,NO,0,1,0,0,0,0,0,0,0,1
91,87,NO,0,1,23,0,0,0,0,0,0,1
91,100,NO,0,1,0,0,0,0,0,0,0,1
91,101,NO,0,1,4,0,0,0,0,0,0,1
91,117,NO,0,1,0,0,0,0,0,0,0,1
92,86,NO,0,1,0,0,0,0,0,0,0,1
92,88,NO,0,1,11,0,0,0,0,0,0,1
92,117,NO,0,1,0,0,0,0,0,0,0,1
92,118,NO,0,1,2,0,0,0,0,0,0,1
93,86,NO,0,1,16,0,0,0,0,0,0,1
93,87,NO,0,1,4,0,0,0,0,0,0,1
93,88,NO,0,1,2,0,0,0,0,0,0,1
93,103,NO,0,1,1,0,0,0,0,0,0,1
93,117,NO,0,1,0,0,0,0,0,0,0,1
94,86,NO,0,1,14,0,0,0,0,0,0,1
94,87,NO,0,1,0,0,0,0,0,0,0,1
94,93,NO,0,1,0,0,0,0,0,0,0,1
94,102,NO,0,1,0,0,0,0,0,0,0,1
94,103,NO,0,1,1,0,0,0,0,0,0,1
94,104,NO,0,1,0,0,0,0,0,0,0,1
94,117,NO,0,1,0,0,0,0,0,0,0,1
94,118,NO,0,1,0,0,0,0,0,0,0,1
95,67,NO,0,1,2,0,0,0,0,0,0,1
95,68,NO,0,1,0,0,0,0,0,0,0,1
95,88,NO,0,1,16,0,0,0,0,0,0,1
95,91,NO,0,1,4,0,0,0,0,0,0,1
95,92,NO,0,1,3,0,0,0,0,0,0,1
95,93,NO,0,1,2,0,0,0,0,0,0,1
95,105,NO,0,1,0,0,0,0,0,0,0,1
95,112,NO,0,1,2,0,0,0,0,0,0,1
95,114,NO,0,1,1,0,0,0,0,0,0,1
95,115,NO,0,1,0,0,0,0,0,0,0,1
95,117,NO,0,1,0,0,0,0,0,0,0,1
96,88,NO,0,1,0,0,0,0,0,0,0,1
96,93,NO,0,1,3,0,0,0,0,0,0,1
96,115,NO,0,1,1,0,0,0,0,0,0,1
96,116,NO,0,1,0,0,0,0,0,0,0,1
96,118,NO,0,1,0,0,0,0,0,0,0,1
97,92,NO,0,1,2,0,0,0,0,0,0,1
98,92,NO,0,1,0,0,0,0,0,0,0,1
101,40,NO,0,1,3,0,0,0,0,0,0,1
101,126,NO,0,1,0,0,0,0,0,0,0,1
101,127,NO,0,1,0,0,0,0,0,0,0,1
102,39,NO,0,1,0,0,0,0,0,0,0,1
102,40,NO,0,1,160,0,1,0,0,0,0,0
103,29,NO,0,1,0,0,0,0,0,0,0,1
103,34,NO,0,1,0,0,0,0,0,0,0,1
103,39,NO,0,1,93,0,1,0,0,0,0,0
103,121,NO,0,1,0,0,0,0,0,0,0,1
103,122,NO,0,1,6,0,0,0,0,0,0,1
103,123,NO,0,1,5,0,0,0,0,0,0,1
103,124,NO,0,1,3,0,0,0,0,0,0,1
104,33,NO,0,1,0,0,0,0,0,0,0,1
104,38,NO,0,1,80,0,1,0,0,0,0,0
104,39,NO,0,1,37,0,0,0,0,0,0,1
104,121,NO,0,1,2,0,0,0,0,0,0,1
104,122,NO,0,1,14,0,0,0,0,0,0,1
105,38,NO,0,1,69,0,1,0,0,0,0,0
105,39,NO,0,1,0,0,0,0,0,0,0,1
106,34,NO,0,1,0,0,0,0,0,0,0,1
106,38,NO,0,1,108,0,1,0,0,0,0,0
107,36,NO,0,1,12,0,0,0,0,0,0,1
107,37,NO,0,1,25,0,0,0,0,0,0,1
107,38,NO,0,1,15,0,0,0,0,0,0,1
115,119,NO,0,1,1,0,0,0,0,0,0,1
115,120,NO,0,1,0,0,0,0,0,0,0,1
