x,y,CNTR_ID,dlt,tcd
0,0,TR,2,22
0,1,TR,,19
0,2,TR,,8
0,3,TR,,1
0,4,TR,,23
0,5,TR,,5
0,6,TR,,14
0,7,TR,,4
0,8,TR,,20
0,9,TR,,24
0,10,TR,,9
0,11,TR,,11
0,12,TR,,13
0,14,TR,2,18
0,15,TR,,5
0,16,TR,,5
0,17,TR,,23
0,18,TR,,5
0,19,TR,,4
0,22,TR,,9
0,23,TR,,21
0,24,TR,,10
0,25,TR,2,16
0,26,TR,2,13
0,27,TR,,27
0,28,TR,,12
0,29,TR,2,23
0,30,TR,2,27
0,31,TR,2,48
0,32,TR,2,30
0,33,TR,,19
0,34,TR,2,16
0,35,TR,2,44
0,36,TR,2,41
0,37,TR,2,28
0,38,TR,2,41
0,39,TR,2,46
0,40,TR,2,53
0,41,TR,2,27
0,42,TR,2,27
0,43,TR,2,49
0,44,TR,2,44
0,45,TR,2,63
0,46,TR,2,26
0,47,TR,2,54
0,48,TR,2,62
0,49,TR,2,31
0,50,TR,2,53
0,51,TR,2,65
0,52,TR,2,60
0,53,TR,2,65
0,54,TR,2,54
0,55,TR,2,59
0,56,TR,2,40
0,57,TR,2,42
0,58,TR,2,54
0,59,TR,2,16
0,60,TR,2,37
0,61,TR,2,49
0,62,TR,2,46
0,63,TR,2,27
0,64,TR,2,47
0,65,TR,2,57
0,66,TR,2,42
0,67,TR,2,53
0,68,TR,2,46
0,69,TR,2,50
0,70,TR,2,55
0,71,TR,2,64
0,72,TR,2,68
0,73,TR,2,54
0,74,TR,2,41
0,75,TR,2,44
0,76,TR,2,24
0,77,TR,2,44
0,78,TR,2,36
0,79,TR,2,23
0,80,TR,2,26
0,81,TR,2,17
0,82,TR,2,20
0,83,TR,2,38
0,84,TR,,26
0,85,TR,2,23
0,86,TR,2,53
0,87,TR,2,27
0,88,TR,2,58
0,89,TR,2,42
0,90,TR,2,16
0,91,TR,2,49
0,92,TR,2,57
0,93,TR,2,53
0,94,TR,2,33
0,95,TR,2,53
0,96,TR,,20
0,98,TR,,35
0,99,TR,,54
1,0,TR,,35
1,1,TR,,19
1,2,TR,,14
1,3,TR,,3
1,4,TR,,25
1,6,TR,,1
1,7,TR,,16
1,8,TR,,2
1,9,TR,,18
1,10,TR,,1
1,11,TR,,4
1,12,TR,,4
1,13,TR,,22
1,14,TR,,14
1,15,TR,,29
1,16,TR,,3
1,17,TR,,2
1,22,TR,,8
1,23,TR,,3
1,24,TR,,26
1,25,TR,,26
1,26,TR,2,4
1,27,TR,2,4
1,28,TR,2,12
1,29,TR,2,22
1,30,TR,2,17
1,31,TR,2,44
1,32,TR,2,41
1,33,TR,2,20
1,34,TR,2,37
1,35,TR,,30
1,36,TR,2,30
1,37,TR,2,55
1,38,TR,2,64
1,39,TR,2,42
1,40,TR,2,44
1,41,TR,2,45
1,42,TR,2,58
1,43,TR,2,62
1,44,TR,2,60
1,45,TR,2,24
1,46,TR,2,51
1,47,TR,2,28
1,48,TR,2,55
1,49,TR,2,37
1,50,TR,2,36
1,51,TR,2,46
1,52,TR,2,42
1,53,TR,2,62
1,54,TR,2,37
1,55,TR,2,8
1,56,TR,2,5
1,57,TR,2,24
1,58,TR,,29
1,59,TR,2,29
1,60,TR,2,55
1,61,TR,2,58
1,62,TR,2,44
1,63,TR,2,45
1,64,TR,2,39
1,65,TR,2,47
1,66,TR,2,32
1,67,TR,2,50
1,68,TR,2,47
1,69,TR,2,31
1,70,TR,2,43
1,71,TR,2,63
1,72,TR,2,60
1,73,TR,2,45
1,74,TR,2,42
1,75,TR,2,17
1,76,TR,2,37
1,77,TR,2,43
1,78,TR,2,43
1,79,TR,2,26
1,80,TR,2,13
1,81,TR,2,28
1,82,TR,2,53
1,83,TR,2,27
1,84,TR,2,33
1,85,TR,2,28
1,86,TR,2,49
1,87,TR,2,52
1,88,TR,1,64
1,89,TR,2,56
1,90,TR,2,41
1,91,TR,2,45
1,92,TR,2,42
1,93,TR,2,36
1,94,TR,2,53
1,95,TR,,34
1,96,TR,,12
1,97,TR,,17
1,98,TR,2,53
1,99,TR,,13
2,0,TR,,12
2,1,TR,,14
2,7,TR,,4
2,8,TR,,8
2,10,TR,2,1
2,11,TR,2,13
2,12,TR,,26
2,13,TR,2,16
2,14,TR,,24
2,15,TR,,1
2,19,TR,,17
2,22,TR,,9
2,23,TR,2,16
2,24,TR,2,21
2,25,TR,2,18
2,26,TR,,29
2,27,TR,2,3
2,28,TR,2,29
2,30,TR,,12
2,31,TR,2,20
2,32,TR,2,33
2,33,TR,,13
2,34,TR,2,5
2,35,TR,,15
2,36,TR,2,20
2,37,TR,2,49
2,38,TR,2,21
2,39,TR,2,13
2,40,TR,2,31
2,41,TR,2,59
2,42,TR,2,65
2,43,TR,2,40
2,44,TR,2,52
2,45,TR,2,57
2,46,TR,2,62
2,47,TR,2,42
2,48,TR,2,57
2,49,TR,2,69
2,50,TR,2,60
2,51,TR,2,41
2,52,TR,2,39
2,53,TR,1,49
2,54,TR,1,35
2,55,TR,,22
2,56,TR,,2
2,57,TR,,45
2,58,TR,2,11
2,59,TR,2,56
2,60,TR,2,55
2,61,TR,2,52
2,62,TR,2,26
2,63,TR,2,40
2,64,TR,2,46
2,65,TR,2,47
2,66,TR,2,51
2,67,TR,2,30
2,68,TR,2,43
2,69,TR,2,50
2,70,TR,2,55
2,71,TR,2,44
2,72,TR,2,55
2,73,TR,2,49
2,74,TR,2,27
2,75,TR,2,15
2,76,TR,2,14
2,77,TR,2,39
2,78,TR,2,48
2,79,TR,2,31
2,80,TR,2,19
2,81,TR,2,25
2,82,TR,2,55
2,83,TR,2,57
2,84,TR,2,27
2,85,TR,2,33
2,86,TR,2,49
2,87,TR,2,52
2,88,TR,2,51
2,89,TR,2,53
2,90,TR,2,46
2,91,TR,2,28
2,92,TR,2,47
2,93,TR,2,40
2,94,TR,2,54
2,95,TR,2,37
2,96,TR,1,42
2,97,TR,1,29
2,98,TR,1,42
2,99,TR,,27
2,126,TR,1,27
2,127,TR,,9
3,0,TR,,6
3,1,TR,,8
3,6,TR,,10
3,7,TR,,12
3,8,TR,,23
3,9,TR,,1
3,10,TR,,15
3,11,TR,2,8
3,12,TR,,21
3,13,TR,2,53
3,14,TR,2,54
3,15,TR,1,37
3,16,TR,,6
3,17,TR,,6
3,19,TR,,10
3,20,TR,,8
3,21,TR,,4
3,22,TR,2,22
3,23,TR,2,50
3,24,TR,1,45
3,25,TR,2,60
3,26,TR,2,58
3,29,TR,2,
3,30,TR,2,4
3,31,TR,2,10
3,32,TR,2,2
3,33,TR,2,3
3,35,TR,2,10
3,36,TR,2,20
3,37,TR,2,31
3,38,TR,,11
3,39,TR,,5
3,40,TR,2,9
3,41,TR,2,43
3,42,TR,2,49
3,43,TR,2,23
3,44,TR,2,4
3,45,TR,2,29
3,46,TR,2,49
3,47,TR,2,54
3,48,TR,2,64
3,49,TR,2,65
3,50,TR,2,39
3,51,TR,2,64
3,52,TR,2,36
3,53,TR,2,43
3,54,TR,,38
3,55,TR,,11
3,56,TR,,47
3,57,TR,2,49
3,58,TR,2,48
3,59,TR,2,50
3,60,TR,2,62
3,61,TR,2,41
3,62,TR,2,36
3,63,TR,2,50
3,64,TR,2,46
3,65,TR,2,43
3,66,TR,2,57
3,67,TR,2,36
3,68,TR,2,44
3,69,TR,2,55
3,70,TR,2,63
3,71,TR,2,63
3,72,TR,2,61
3,73,TR,2,37
3,74,TR,2,25
3,75,TR,2,33
3,76,TR,2,54
3,77,TR,,47
3,78,TR,2,20
3,79,TR,1,19
3,80,TR,,22
3,81,TR,2,22
3,82,TR,2,46
3,83,TR,2,39
3,84,TR,,56
3,85,TR,2,37
3,86,TR,2,50
3,87,TR,2,50
3,88,TR,2,45
3,89,TR,2,45
3,90,TR,2,31
3,91,TR,2,41
3,92,TR,2,50
3,93,TR,2,48
3,94,TR,2,57
3,95,TR,2,50
3,96,TR,2,50
3,97,TR,1,24
3,98,TR,1,65
3,99,TR,1,60
3,100,TR,,25
3,101,TR,,5
3,107,TR,,19
3,108,TR,,21
3,123,TR,,24
3,124,TR,1,50
3,125,TR,,51
3,126,TR,1,50
3,127,TR,,20
4,0,TR,,6
4,1,TR,,8
4,2,TR,,2
4,3,TR,,23
4,4,TR,,12
4,5,TR,,5
4,7,TR,,5
4,8,TR,,9
4,11,TR,2,24
4,12,TR,2,46
4,13,TR,2,55
4,14,TR,2,44
4,15,TR,,42
4,16,TR,,9
4,17,TR,,25
4,18,TR,,36
4,19,TR,,40
4,20,TR,2,53
4,21,TR,2,24
4,22,TR,2,36
4,23,TR,2,28
4,24,TR,2,27
4,25,TR,2,54
4,26,TR,2,50
4,27,TR,2,13
4,28,TR,,13
4,29,TR,2,11
4,30,TR,2,12
4,31,TR,2,17
4,32,TR,2,8
4,33,TR,,1
4,35,TR,,8
4,36,TR,,36
4,37,TR,1,31
4,38,TR,1,11
4,39,TR,,12
4,40,TR,2,24
4,41,TR,2,60
4,42,TR,2,39
4,43,TR,2,26
4,44,TR,2,34
4,45,TR,2,52
4,46,TR,2,62
4,47,TR,2,62
4,48,TR,2,52
4,49,TR,2,37
4,50,TR,2,31
4,51,TR,1,53
4,52,TR,1,53
4,53,TR,2,60
4,54,TR,,59
4,55,TR,,18
4,56,TR,,39
4,57,TR,2,51
4,58,TR,2,47
4,59,TR,2,34
4,60,TR,2,51
4,61,TR,2,35
4,62,TR,2,49
4,63,TR,2,63
4,64,TR,2,53
4,65,TR,2,52
4,66,TR,2,55
4,67,TR,2,48
4,68,TR,2,55
4,69,TR,2,57
4,70,TR,2,62
4,71,TR,2,46
4,72,TR,2,58
4,73,TR,2,38
4,74,TR,2,20
4,75,TR,2,45
4,76,TR,2,35
4,77,TR,2,31
4,78,TR,2,34
4,79,TR,2,36
4,80,TR,1,43
4,81,TR,2,48
4,82,TR,2,56
4,83,TR,2,31
4,84,TR,2,48
4,85,TR,2,42
4,86,TR,2,54
4,87,TR,2,49
4,88,TR,2,47
4,89,TR,2,58
4,90,TR,2,60
4,91,TR,1,34
4,92,TR,1,43
4,93,TR,1,60
4,94,TR,2,69
4,95,TR,2,62
4,96,TR,2,17
4,97,TR,1,39
4,98,TR,1,65
4,99,TR,2,52
4,100,TR,2,35
4,101,TR,2,31
4,102,TR,,13
4,103,TR,2,40
4,104,TR,1,53
4,105,TR,1,51
4,106,TR,,15
4,107,TR,2,25
4,108,TR,2,33
4,109,TR,1,34
4,110,TR,,10
4,111,TR,,5
4,121,TR,2,46
4,122,TR,,18
4,123,TR,1,27
4,124,TR,1,35
4,125,TR,,54
4,126,TR,,47
4,127,TR,,9
5,0,TR,,12
5,1,TR,,15
5,2,TR,,11
5,3,TR,,13
5,4,TR,,10
5,5,TR,,14
5,7,TR,,13
5,10,TR,2,1
5,11,TR,2,31
5,12,TR,2,9
5,13,TR,2,23
5,14,TR,,5
5,15,TR,,12
5,16,TR,1,35
5,17,TR,,9
5,18,TR,2,40
5,19,TR,2,31
5,20,TR,2,43
5,21,TR,2,66
5,22,TR,2,65
5,23,TR,2,29
5,24,TR,2,36
5,25,TR,2,67
5,26,TR,2,38
5,27,TR,2,32
5,28,TR,2,34
5,29,TR,,32
5,30,TR,,39
5,31,TR,2,31
5,32,TR,2,29
5,33,TR,,5
5,34,TR,,11
5,35,TR,2,32
5,36,TR,2,59
5,37,TR,1,39
5,38,TR,1,23
5,39,TR,1,25
5,40,TR,2,50
5,41,TR,2,32
5,42,TR,2,31
5,43,TR,2,65
5,44,TR,2,56
5,45,TR,2,64
5,46,TR,2,52
5,47,TR,2,23
5,48,TR,2,40
5,49,TR,2,27
5,50,TR,2,50
5,51,TR,2,60
5,52,TR,2,54
5,53,TR,2,53
5,54,TR,,41
5,55,TR,,24
5,56,TR,2,40
5,57,TR,2,33
5,58,TR,2,48
5,59,TR,2,59
5,60,TR,2,59
5,61,TR,2,49
5,62,TR,2,54
5,63,TR,2,60
5,64,TR,2,72
5,65,TR,2,68
5,66,TR,2,53
5,67,TR,2,56
5,68,TR,2,64
5,69,TR,2,60
5,70,TR,2,57
5,71,TR,2,65
5,72,TR,2,35
5,73,TR,2,29
5,74,TR,2,45
5,75,TR,2,23
5,76,TR,2,14
5,77,TR,2,12
5,78,TR,2,29
5,79,TR,2,31
5,80,TR,2,53
5,81,TR,2,42
5,82,TR,1,53
5,83,TR,1,46
5,84,TR,2,38
5,85,TR,2,42
5,86,TR,1,62
5,87,TR,1,44
5,88,TR,1,61
5,89,TR,1,60
5,90,TR,2,61
5,91,TR,1,52
5,92,TR,2,60
5,93,TR,2,59
5,94,TR,2,37
5,95,TR,,37
5,96,TR,,21
5,97,TR,1,34
5,98,TR,1,57
5,99,TR,,38
5,101,TR,,32
5,102,TR,,23
5,103,TR,2,33
5,104,TR,,29
5,105,TR,,18
5,106,TR,,8
5,107,TR,,9
5,108,TR,2,4
5,109,TR,2,44
5,110,TR,1,41
5,111,TR,1,40
5,112,TR,,20
5,113,TR,,8
5,120,TR,,21
5,121,TR,,45
5,122,TR,,17
5,123,TR,,21
5,124,TR,,17
5,125,TR,,28
5,126,TR,,34
5,127,TR,,24
6,0,TR,,15
6,1,TR,,12
6,2,TR,,8
6,3,TR,,4
6,4,TR,,13
6,5,TR,,8
6,7,TR,,5
6,9,TR,,6
6,10,TR,,23
6,11,TR,,8
6,12,TR,,21
6,13,TR,,3
6,14,TR,,1
6,16,TR,,10
6,17,TR,,5
6,18,TR,2,46
6,19,TR,2,15
6,20,TR,2,26
6,21,TR,2,58
6,22,TR,2,56
6,23,TR,2,39
6,24,TR,2,42
6,25,TR,2,55
6,26,TR,2,31
6,27,TR,2,58
6,28,TR,2,46
6,29,TR,,15
6,30,TR,2,37
6,31,TR,2,16
6,32,TR,2,49
6,33,TR,,33
6,34,TR,2,47
6,35,TR,2,45
6,36,TR,2,26
6,37,TR,2,36
6,38,TR,1,43
6,39,TR,1,48
6,40,TR,2,58
6,41,TR,2,40
6,42,TR,2,44
6,43,TR,2,56
6,44,TR,2,51
6,45,TR,2,59
6,46,TR,2,31
6,47,TR,,33
6,48,TR,,27
6,49,TR,,40
6,50,TR,2,44
6,51,TR,2,57
6,52,TR,2,38
6,53,TR,2,47
6,54,TR,,24
6,55,TR,,15
6,56,TR,2,31
6,57,TR,2,45
6,58,TR,2,46
6,59,TR,2,61
6,60,TR,2,54
6,61,TR,2,51
6,62,TR,2,55
6,63,TR,2,57
6,64,TR,2,68
6,65,TR,2,66
6,66,TR,2,65
6,67,TR,2,64
6,68,TR,2,65
6,69,TR,2,56
6,70,TR,2,58
6,71,TR,2,36
6,72,TR,2,55
6,73,TR,2,19
6,74,TR,2,28
6,75,TR,2,20
6,76,TR,2,16
6,77,TR,2,47
6,78,TR,2,42
6,79,TR,2,37
6,80,TR,1,25
6,81,TR,1,53
6,82,TR,1,64
6,83,TR,1,52
6,84,TR,1,35
6,85,TR,1,51
6,86,TR,1,55
6,87,TR,1,36
6,88,TR,2,42
6,89,TR,2,38
6,90,TR,2,40
6,91,TR,2,42
6,92,TR,2,46
6,93,TR,2,32
6,94,TR,,14
6,95,TR,,46
6,96,TR,2,40
6,97,TR,1,48
6,98,TR,2,46
6,99,TR,2,24
6,100,TR,2,32
6,101,TR,2,25
6,102,TR,,7
6,103,TR,,4
6,104,TR,,21
6,105,TR,,2
6,107,TR,,12
6,108,TR,2,15
6,109,TR,2,40
6,110,TR,,37
6,111,TR,2,34
6,112,TR,2,15
6,113,TR,2,22
6,114,TR,,36
6,115,TR,,12
6,116,TR,,45
6,117,TR,,25
6,118,TR,,50
6,119,TR,,17
6,120,TR,,8
6,121,TR,,19
6,122,TR,,28
6,123,TR,,13
6,124,TR,,7
6,125,TR,,2
6,126,TR,1,22
6,127,TR,1,31
7,0,TR,2,40
7,1,TR,,48
7,2,TR,2,45
7,3,TR,,41
7,4,TR,2,59
7,5,TR,,41
7,6,TR,,14
7,7,TR,,12
7,9,TR,,14
7,13,TR,,16
7,14,TR,,6
7,16,TR,2,8
7,17,TR,,30
7,18,TR,2,50
7,19,TR,2,45
7,20,TR,2,32
7,21,TR,2,58
7,22,TR,2,39
7,23,TR,2,66
7,24,TR,2,62
7,25,TR,2,47
7,26,TR,2,55
7,27,TR,2,49
7,28,TR,2,55
7,29,TR,2,34
7,30,TR,2,20
7,31,TR,2,21
7,32,TR,2,67
7,33,TR,2,52
7,34,TR,,25
7,35,TR,2,36
7,36,TR,,3
7,37,TR,2,33
7,38,TR,,38
7,39,TR,2,46
7,40,TR,1,56
7,41,TR,1,29
7,42,TR,2,42
7,43,TR,2,60
7,44,TR,2,46
7,45,TR,2,65
7,46,TR,2,32
7,47,TR,2,41
7,48,TR,,35
7,49,TR,2,54
7,50,TR,2,37
7,51,TR,2,46
7,52,TR,2,34
7,53,TR,,16
7,55,TR,,2
7,56,TR,,31
7,57,TR,2,49
7,58,TR,2,53
7,59,TR,2,58
7,60,TR,2,53
7,61,TR,,47
7,62,TR,2,49
7,63,TR,2,45
7,64,TR,2,63
7,65,TR,2,68
7,66,TR,2,67
7,67,TR,2,55
7,68,TR,2,65
7,69,TR,2,41
7,70,TR,2,50
7,71,TR,1,48
7,72,TR,2,38
7,73,TR,2,31
7,74,TR,2,33
7,75,TR,2,37
7,76,TR,2,49
7,77,TR,2,36
7,78,TR,,23
7,79,TR,,23
7,80,TR,2,27
7,81,TR,2,46
7,82,TR,1,29
7,83,TR,2,38
7,84,TR,2,38
7,85,TR,2,26
7,86,TR,1,39
7,87,TR,2,38
7,88,TR,2,35
7,89,TR,2,47
7,90,TR,2,44
7,91,TR,2,35
7,92,TR,,47
7,93,TR,,14
7,94,TR,,6
7,95,TR,1,9
7,96,TR,2,52
7,97,TR,2,63
7,98,TR,2,42
7,99,TR,2,26
7,100,TR,2,36
7,101,TR,2,30
7,102,TR,,28
7,104,TR,,26
7,105,TR,,2
7,107,TR,2,11
7,108,TR,,15
7,109,TR,2,23
7,110,TR,,15
7,113,TR,,10
7,114,TR,2,25
7,115,TR,,7
7,116,TR,1,47
7,117,TR,,58
7,118,TR,,22
7,119,TR,,10
7,120,TR,,19
7,121,TR,2,17
7,122,TR,,33
7,123,TR,,5
7,124,TR,,3
7,126,TR,,6
7,127,TR,1,6
8,0,TR,2,31
8,1,TR,2,52
8,2,TR,2,47
8,3,TR,,42
8,4,TR,2,43
8,5,TR,2,13
8,6,TR,,13
8,7,TR,,16
8,8,TR,,6
8,9,TR,,12
8,11,TR,,2
8,12,TR,,2
8,13,TR,,19
8,14,TR,,23
8,15,TR,2,22
8,16,TR,2,9
8,17,TR,2,34
8,18,TR,2,44
8,19,TR,2,55
8,20,TR,2,47
8,21,TR,2,58
8,22,TR,2,50
8,23,TR,2,61
8,24,TR,2,70
8,25,TR,2,65
8,26,TR,2,65
8,27,TR,2,60
8,28,TR,2,34
8,29,TR,2,63
8,30,TR,2,56
8,31,TR,2,51
8,32,TR,2,26
8,33,TR,2,39
8,34,TR,2,37
8,35,TR,2,44
8,36,TR,2,32
8,37,TR,2,51
8,38,TR,2,60
8,39,TR,1,32
8,40,TR,1,46
8,41,TR,1,27
8,42,TR,2,62
8,43,TR,2,56
8,44,TR,2,43
8,45,TR,2,58
8,46,TR,2,47
8,47,TR,2,52
8,48,TR,2,53
8,49,TR,2,53
8,50,TR,2,59
8,51,TR,2,61
8,52,TR,2,50
8,53,TR,,26
8,55,TR,,29
8,56,TR,2,61
8,57,TR,2,54
8,58,TR,2,61
8,59,TR,2,53
8,60,TR,2,41
8,61,TR,2,40
8,62,TR,2,55
8,63,TR,2,48
8,64,TR,2,53
8,65,TR,2,54
8,66,TR,2,65
8,67,TR,2,56
8,68,TR,2,50
8,69,TR,2,19
8,70,TR,2,35
8,71,TR,2,39
8,72,TR,2,32
8,73,TR,2,10
8,74,TR,2,38
8,75,TR,2,50
8,76,TR,,40
8,77,TR,,2
8,78,TR,,9
8,79,TR,,10
8,80,TR,2,47
8,81,TR,2,38
8,82,TR,2,42
8,83,TR,2,24
8,84,TR,2,31
8,85,TR,2,15
8,86,TR,2,44
8,87,TR,2,40
8,88,TR,2,38
8,89,TR,2,39
8,90,TR,2,33
8,91,TR,2,34
8,92,TR,2,53
8,93,TR,,24
8,94,TR,,4
8,95,TR,2,7
8,96,TR,2,44
8,97,TR,1,63
8,98,TR,2,47
8,99,TR,2,32
8,100,TR,2,25
8,101,TR,2,31
8,102,TR,2,22
8,103,TR,,12
8,104,TR,,14
8,105,TR,,17
8,106,TR,,15
8,107,TR,,2
8,108,TR,,12
8,109,TR,,7
8,110,TR,,4
8,111,TR,,5
8,112,TR,,3
8,113,TR,,5
8,114,TR,,2
8,115,TR,,25
8,116,TR,,30
8,117,TR,2,28
8,118,TR,,26
8,119,TR,,6
8,120,TR,,2
8,121,TR,,5
8,122,TR,,33
8,123,TR,,1
8,124,TR,,1
8,127,TR,,3
9,0,TR,2,40
9,1,TR,2,45
9,2,TR,2,16
9,3,TR,,34
9,4,TR,2,53
9,5,TR,2,13
9,6,TR,2,33
9,7,TR,2,63
9,8,TR,,25
9,9,TR,,11
9,10,TR,,12
9,11,TR,,10
9,12,TR,,3
9,13,TR,,11
9,14,TR,,6
9,15,TR,2,36
9,16,TR,2,42
9,17,TR,2,54
9,18,TR,2,65
9,19,TR,2,68
9,20,TR,2,62
9,21,TR,2,60
9,22,TR,2,47
9,23,TR,,28
9,24,TR,2,48
9,25,TR,2,45
9,26,TR,2,28
9,27,TR,2,48
9,28,TR,,20
9,29,TR,,27
9,30,TR,2,28
9,31,TR,2,49
9,32,TR,2,39
9,33,TR,1,38
9,34,TR,2,24
9,35,TR,2,45
9,36,TR,2,23
9,37,TR,2,47
9,38,TR,2,57
9,39,TR,2,37
9,40,TR,1,68
9,41,TR,2,49
9,42,TR,2,63
9,43,TR,2,71
9,44,TR,2,39
9,45,TR,2,64
9,46,TR,2,61
9,47,TR,2,42
9,48,TR,2,59
9,49,TR,2,36
9,50,TR,2,50
9,51,TR,2,53
9,52,TR,2,30
9,55,TR,2,39
9,56,TR,2,63
9,57,TR,2,47
9,58,TR,2,58
9,59,TR,2,31
9,60,TR,2,44
9,61,TR,2,41
9,62,TR,2,52
9,63,TR,2,52
9,64,TR,2,25
9,65,TR,2,25
9,66,TR,2,57
9,67,TR,2,61
9,68,TR,2,37
9,69,TR,2,35
9,70,TR,2,42
9,71,TR,2,21
9,72,TR,2,6
9,73,TR,2,35
9,74,TR,2,39
9,75,TR,,10
9,76,TR,,4
9,77,TR,,36
9,78,TR,2,38
9,79,TR,2,37
9,80,TR,2,36
9,81,TR,2,36
9,82,TR,1,35
9,83,TR,2,40
9,84,TR,,17
9,85,TR,2,6
9,86,TR,2,38
9,87,TR,2,37
9,88,TR,2,34
9,89,TR,2,38
9,90,TR,2,25
9,91,TR,2,50
9,92,TR,1,57
9,93,TR,1,12
9,94,TR,,6
9,95,TR,2,21
9,96,TR,2,65
9,97,TR,2,42
9,98,TR,2,20
9,99,TR,2,19
9,100,TR,2,33
9,101,TR,,34
9,102,TR,2,29
9,103,TR,2,38
9,104,TR,1,28
9,105,TR,,30
9,106,TR,,7
9,108,TR,2,5
9,109,TR,2,1
9,110,TR,2,16
9,111,TR,2,14
9,112,TR,1,27
9,113,TR,1,45
9,115,TR,2,5
9,118,TR,,6
9,119,TR,,2
9,120,TR,,1
9,121,TR,,3
9,122,TR,,23
10,0,TR,2,25
10,1,TR,2,1
10,2,TR,,8
10,3,TR,2,32
10,4,TR,2,29
10,5,TR,2,25
10,6,TR,2,30
10,7,TR,2,43
10,8,TR,2,34
10,9,TR,2,25
10,10,TR,2,37
10,11,TR,,50
10,12,TR,,25
10,13,TR,,22
10,14,TR,,36
10,15,TR,2,39
10,16,TR,2,49
10,17,TR,2,53
10,18,TR,2,67
10,19,TR,2,51
10,20,TR,2,43
10,21,TR,2,55
10,22,TR,2,36
10,23,TR,,16
10,24,TR,,18
10,25,TR,,28
10,26,TR,,31
10,27,TR,,1
10,28,TR,,10
10,29,TR,2,14
10,30,TR,2,48
10,31,TR,2,26
10,32,TR,2,8
10,33,TR,2,20
10,34,TR,2,47
10,35,TR,,14
10,36,TR,2,32
10,37,TR,2,35
10,38,TR,2,36
10,39,TR,2,46
10,40,TR,2,24
10,41,TR,2,67
10,42,TR,2,50
10,43,TR,2,19
10,44,TR,2,50
10,45,TR,2,42
10,46,TR,2,42
10,47,TR,2,64
10,48,TR,2,36
10,49,TR,2,51
10,50,TR,2,35
10,51,TR,,14
10,55,TR,,13
10,56,TR,,28
10,57,TR,2,34
10,58,TR,2,56
10,59,TR,2,56
10,60,TR,2,41
10,61,TR,2,45
10,62,TR,2,44
10,63,TR,2,55
10,64,TR,,14
10,66,TR,2,42
10,67,TR,2,51
10,68,TR,2,53
10,69,TR,2,28
10,70,TR,2,26
10,71,TR,2,25
10,72,TR,2,34
10,73,TR,2,54
10,74,TR,2,57
10,75,TR,,18
10,76,TR,2,31
10,77,TR,2,39
10,78,TR,2,30
10,79,TR,2,23
10,80,TR,2,26
10,81,TR,1,15
10,82,TR,1,35
10,83,TR,2,41
10,84,TR,2,32
10,85,TR,2,33
10,86,TR,2,39
10,87,TR,2,14
10,88,TR,2,29
10,89,TR,2,34
10,90,TR,2,50
10,91,TR,2,38
10,92,TR,2,51
10,93,TR,,39
10,94,TR,,26
10,95,TR,2,61
10,96,TR,2,67
10,97,TR,2,28
10,98,TR,2,32
10,99,TR,2,13
10,100,TR,2,30
10,101,TR,,15
10,102,TR,,5
10,103,TR,,6
10,104,TR,,18
10,105,TR,,36
10,106,TR,,32
10,107,TR,2,4
10,108,TR,2,28
10,109,TR,2,20
10,110,TR,,13
10,112,TR,1,17
10,113,TR,1,42
10,114,TR,2,36
10,115,TR,2,27
10,116,TR,,14
10,117,TR,,7
10,118,TR,,1
10,121,TR,,2
10,122,TR,,2
10,125,TR,,1
10,127,TR,,1
11,1,TR,,11
11,4,TR,,3
11,5,TR,2,48
11,6,TR,2,48
11,7,TR,,33
11,8,TR,,8
11,9,TR,2,16
11,10,TR,2,17
11,11,TR,2,15
11,12,TR,2,46
11,13,TR,2,49
11,14,TR,2,56
11,15,TR,2,50
11,16,TR,2,40
11,17,TR,1,36
11,18,TR,2,47
11,19,TR,2,42
11,20,TR,2,50
11,21,TR,2,31
11,22,TR,2,52
11,23,TR,,15
11,24,TR,,11
11,25,TR,,7
11,26,TR,,8
11,27,TR,,9
11,28,TR,,15
11,29,TR,,16
11,30,TR,,22
11,31,TR,,14
11,32,TR,,24
11,33,TR,,23
11,34,TR,2,9
11,35,TR,2,3
11,36,TR,2,47
11,37,TR,2,25
11,38,TR,2,42
11,39,TR,2,46
11,40,TR,,8
11,41,TR,2,23
11,42,TR,2,11
11,43,TR,2,50
11,44,TR,2,35
11,45,TR,2,51
11,46,TR,2,49
11,47,TR,2,37
11,48,TR,,17
11,49,TR,,27
11,52,TR,,2
11,53,TR,,4
11,54,TR,,5
11,55,TR,,15
11,56,TR,2,42
11,57,TR,2,19
11,58,TR,2,57
11,59,TR,2,54
11,60,TR,2,27
11,61,TR,2,34
11,62,TR,2,40
11,63,TR,2,35
11,64,TR,2,53
11,65,TR,,19
11,66,TR,2,34
11,67,TR,2,47
11,68,TR,2,47
11,69,TR,2,25
11,70,TR,2,13
11,71,TR,2,16
11,72,TR,2,19
11,73,TR,2,37
11,74,TR,2,53
11,75,TR,2,51
11,76,TR,2,31
11,77,TR,2,16
11,78,TR,2,21
11,79,TR,2,18
11,80,TR,2,23
11,81,TR,2,21
11,82,TR,2,45
11,83,TR,2,24
11,84,TR,2,16
11,85,TR,2,36
11,86,TR,1,17
11,87,TR,1,33
11,88,TR,2,47
11,89,TR,2,52
11,90,TR,2,37
11,91,TR,2,34
11,92,TR,2,31
11,93,TR,2,59
11,94,TR,2,23
11,95,TR,2,59
11,96,TR,2,67
11,97,TR,2,51
11,98,TR,2,31
11,99,TR,1,9
11,100,TR,,14
11,101,TR,,7
11,102,TR,2,14
11,103,TR,,8
11,104,TR,,25
11,105,TR,,34
11,106,TR,2,7
11,107,TR,2,28
11,108,TR,2,16
11,109,TR,2,23
11,110,TR,,1
11,112,TR,,23
11,113,TR,1,33
11,114,TR,,10
11,115,TR,,10
11,116,TR,,13
11,125,TR,,2
11,126,TR,,1
11,127,TR,,8
12,5,TR,2,37
12,6,TR,2,50
12,7,TR,2,56
12,8,TR,,33
12,9,TR,,18
12,10,TR,2,27
12,11,TR,2,38
12,12,TR,2,60
12,13,TR,2,37
12,14,TR,2,27
12,15,TR,2,39
12,16,TR,2,64
12,17,TR,2,43
12,18,TR,,35
12,19,TR,2,45
12,20,TR,2,46
12,21,TR,2,60
12,22,TR,2,68
12,23,TR,2,36
12,24,TR,,27
12,25,TR,1,20
12,26,TR,,42
12,28,TR,,17
12,30,TR,,22
12,31,TR,,10
12,32,TR,2,30
12,33,TR,2,55
12,34,TR,2,24
12,35,TR,2,19
12,36,TR,2,47
12,37,TR,2,53
12,38,TR,2,26
12,39,TR,,40
12,40,TR,,28
12,41,TR,2,12
12,42,TR,2,44
12,43,TR,2,58
12,44,TR,2,52
12,45,TR,2,56
12,46,TR,2,39
12,47,TR,,16
12,48,TR,,8
12,52,TR,2,27
12,53,TR,2,59
12,54,TR,2,40
12,55,TR,2,20
12,56,TR,2,58
12,57,TR,2,21
12,58,TR,2,58
12,59,TR,2,46
12,60,TR,2,34
12,61,TR,2,35
12,62,TR,2,39
12,63,TR,2,21
12,64,TR,,25
12,65,TR,,6
12,66,TR,2,13
12,67,TR,2,20
12,68,TR,2,13
12,69,TR,2,28
12,70,TR,2,17
12,71,TR,2,12
12,72,TR,2,22
12,73,TR,2,23
12,74,TR,2,36
12,75,TR,2,17
12,76,TR,2,15
12,77,TR,2,17
12,78,TR,2,17
12,79,TR,2,15
12,80,TR,2,23
12,81,TR,2,13
12,82,TR,2,38
12,83,TR,2,33
12,84,TR,2,31
12,85,TR,2,28
12,86,TR,2,62
12,87,TR,2,63
12,88,TR,2,48
12,89,TR,2,35
12,90,TR,2,13
12,91,TR,2,5
12,92,TR,2,9
12,93,TR,2,17
12,94,TR,2,37
12,95,TR,2,58
12,96,TR,2,59
12,97,TR,1,38
12,98,TR,1,46
12,99,TR,1,23
12,100,TR,,6
12,101,TR,,3
12,102,TR,,7
12,103,TR,1,14
12,104,TR,1,16
12,105,TR,1,24
12,106,TR,1,38
12,107,TR,2,30
12,108,TR,,23
12,109,TR,1,18
12,110,TR,,3
12,111,TR,2,1
12,112,TR,,1
12,114,TR,,2
12,115,TR,,2
12,116,TR,,2
12,122,TR,,1
12,123,TR,,1
12,124,TR,,1
12,125,TR,2,6
12,126,TR,,5
12,127,TR,,4
13,1,TR,,17
13,5,TR,2,35
13,6,TR,2,35
13,7,TR,2,41
13,8,TR,2,49
13,9,TR,2,10
13,10,TR,2,14
13,11,TR,2,17
13,12,TR,2,38
13,13,TR,2,52
13,14,TR,2,43
13,15,TR,2,59
13,16,TR,2,60
13,17,TR,2,60
13,18,TR,2,62
13,19,TR,2,49
13,20,TR,2,54
13,21,TR,2,67
13,22,TR,2,65
13,23,TR,1,44
13,24,TR,1,24
13,25,TR,1,11
13,26,TR,,21
13,27,TR,,9
13,28,TR,,6
13,30,TR,,2
13,31,TR,,26
13,32,TR,,35
13,33,TR,2,54
13,34,TR,2,50
13,35,TR,2,36
13,36,TR,2,60
13,37,TR,2,33
13,38,TR,2,30
13,39,TR,2,41
13,40,TR,2,23
13,41,TR,2,20
13,42,TR,2,38
13,43,TR,2,42
13,44,TR,2,40
13,45,TR,2,51
13,46,TR,2,22
13,47,TR,2,13
13,48,TR,,32
13,49,TR,,4
13,51,TR,,4
13,52,TR,,6
13,53,TR,,12
13,55,TR,,3
13,56,TR,,18
13,57,TR,2,37
13,58,TR,2,20
13,59,TR,2,25
13,60,TR,2,50
13,61,TR,2,54
13,62,TR,2,68
13,63,TR,2,43
13,64,TR,2,37
13,65,TR,,14
13,66,TR,2,23
13,67,TR,2,41
13,68,TR,2,18
13,69,TR,2,27
13,70,TR,,16
13,71,TR,,9
13,72,TR,2,10
13,73,TR,2,29
13,74,TR,2,15
13,75,TR,2,4
13,76,TR,2,13
13,77,TR,2,16
13,78,TR,2,19
13,79,TR,2,18
13,80,TR,2,23
13,81,TR,2,14
13,82,TR,2,31
13,83,TR,2,18
13,84,TR,2,27
13,85,TR,2,47
13,86,TR,,44
13,87,TR,2,36
13,88,TR,2,17
13,89,TR,2,6
13,90,TR,,8
13,91,TR,,1
13,92,TR,2,7
13,93,TR,2,20
13,94,TR,,8
13,95,TR,,15
13,96,TR,1,29
13,97,TR,1,6
13,98,TR,1,26
13,99,TR,,2
13,100,TR,,17
13,101,TR,,12
13,102,TR,,32
13,103,TR,,9
13,104,TR,,25
13,105,TR,1,7
13,106,TR,1,24
13,107,TR,,15
13,108,TR,,29
13,109,TR,1,9
13,110,TR,,2
13,112,TR,,2
13,113,TR,,23
13,116,TR,,1
13,122,TR,,1
13,124,TR,2,1
13,125,TR,2,2
13,126,TR,2,3
13,127,TR,,8
14,1,TR,,10
14,3,TR,,6
14,5,TR,,18
14,7,TR,,2
14,8,TR,2,16
14,9,TR,2,28
14,10,TR,2,43
14,11,TR,2,29
14,12,TR,2,47
14,13,TR,2,63
14,14,TR,2,52
14,15,TR,2,29
14,16,TR,2,58
14,17,TR,2,61
14,18,TR,2,35
14,19,TR,2,57
14,20,TR,2,65
14,21,TR,2,42
14,22,TR,2,15
14,23,TR,,9
14,24,TR,1,17
14,25,TR,1,32
14,26,TR,,9
14,27,TR,,31
14,28,TR,,10
14,29,TR,,8
14,30,TR,2,11
14,31,TR,2,60
14,32,TR,2,27
14,33,TR,2,42
14,34,TR,2,63
14,35,TR,2,40
14,36,TR,2,48
14,37,TR,2,48
14,38,TR,2,47
14,39,TR,2,31
14,40,TR,2,34
14,41,TR,2,20
14,42,TR,2,48
14,43,TR,2,41
14,44,TR,2,44
14,45,TR,2,35
14,46,TR,,42
14,47,TR,2,55
14,48,TR,2,39
14,49,TR,2,46
14,51,TR,,14
14,52,TR,,22
14,53,TR,,23
14,56,TR,,13
14,57,TR,2,33
14,58,TR,2,48
14,59,TR,2,50
14,60,TR,2,44
14,61,TR,2,46
14,62,TR,2,39
14,63,TR,2,49
14,64,TR,2,48
14,65,TR,2,39
14,66,TR,2,45
14,67,TR,2,40
14,68,TR,2,27
14,69,TR,2,22
14,70,TR,,6
14,71,TR,,8
14,72,TR,2,7
14,73,TR,2,22
14,74,TR,2,9
14,75,TR,2,10
14,76,TR,2,12
14,77,TR,2,15
14,78,TR,2,34
14,79,TR,2,37
14,80,TR,,26
14,81,TR,2,19
14,82,TR,2,35
14,83,TR,,34
14,84,TR,2,49
14,85,TR,2,38
14,86,TR,2,21
14,87,TR,2,38
14,88,TR,2,44
14,89,TR,2,28
14,90,TR,2,3
14,92,TR,,3
14,93,TR,2,23
14,94,TR,,11
14,95,TR,,12
14,96,TR,1,56
14,97,TR,2,41
14,99,TR,,21
14,100,TR,1,30
14,101,TR,1,13
14,102,TR,1,30
14,103,TR,1,33
14,104,TR,,36
14,105,TR,,4
14,106,TR,,10
14,112,TR,,6
14,113,TR,,25
14,116,TR,2,1
14,117,TR,,1
14,118,TR,,1
14,121,TR,,1
14,122,TR,,2
14,124,TR,,4
14,125,TR,2,16
14,126,TR,2,18
14,127,TR,1,1
15,0,TR,,17
15,1,TR,,4
15,3,TR,,3
15,4,TR,,10
15,5,TR,,5
15,9,TR,2,27
15,10,TR,2,24
15,11,TR,2,11
15,12,TR,2,47
15,13,TR,2,58
15,14,TR,2,51
15,15,TR,2,51
15,16,TR,2,45
15,17,TR,2,48
15,18,TR,2,10
15,19,TR,,32
15,20,TR,2,35
15,21,TR,2,60
15,22,TR,2,43
15,23,TR,,26
15,24,TR,,3
15,25,TR,,20
15,26,TR,,22
15,27,TR,,33
15,28,TR,,37
15,29,TR,2,15
15,30,TR,2,48
15,31,TR,2,57
15,32,TR,2,20
15,33,TR,2,50
15,34,TR,2,55
15,35,TR,2,41
15,36,TR,2,32
15,37,TR,2,34
15,38,TR,2,41
15,39,TR,2,10
15,40,TR,2,36
15,41,TR,2,36
15,42,TR,2,36
15,43,TR,2,40
15,44,TR,2,35
15,45,TR,2,49
15,46,TR,2,48
15,47,TR,1,24
15,48,TR,2,34
15,49,TR,2,55
15,50,TR,,8
15,51,TR,,43
15,52,TR,2,59
15,53,TR,2,47
15,54,TR,,30
15,55,TR,,39
15,56,TR,,45
15,57,TR,2,45
15,58,TR,2,32
15,59,TR,2,51
15,60,TR,2,35
15,61,TR,2,27
15,62,TR,2,29
15,63,TR,2,46
15,64,TR,2,52
15,65,TR,2,28
15,66,TR,2,25
15,67,TR,2,42
15,68,TR,2,29
15,69,TR,2,16
15,70,TR,,23
15,71,TR,2,35
15,72,TR,2,32
15,73,TR,2,26
15,74,TR,2,21
15,75,TR,2,15
15,76,TR,2,23
15,77,TR,2,21
15,78,TR,2,11
15,79,TR,2,20
15,80,TR,2,22
15,81,TR,2,31
15,82,TR,2,40
15,83,TR,,17
15,84,TR,2,29
15,85,TR,2,32
15,86,TR,2,42
15,87,TR,2,45
15,88,TR,2,54
15,89,TR,2,48
15,90,TR,2,17
15,91,TR,,12
15,92,TR,,21
15,93,TR,2,22
15,94,TR,,19
15,96,TR,1,39
15,97,TR,,47
15,98,TR,,34
15,99,TR,2,45
15,100,TR,1,22
15,101,TR,1,22
15,102,TR,1,26
15,103,TR,1,30
15,104,TR,2,19
15,105,TR,,1
15,106,TR,,26
15,107,TR,,6
15,112,TR,,4
15,113,TR,,2
15,115,TR,,1
15,116,TR,,1
15,117,TR,,3
15,118,TR,,1
15,119,TR,,3
15,121,TR,,1
15,122,TR,,1
15,123,TR,,6
15,124,TR,,6
15,125,TR,2,19
15,126,TR,2,32
15,127,TR,1,7
16,9,TR,,6
16,10,TR,2,20
16,11,TR,2,36
16,12,TR,2,24
16,13,TR,,24
16,14,TR,,13
16,15,TR,2,45
16,16,TR,2,39
16,17,TR,2,9
16,18,TR,2,12
16,20,TR,,25
16,21,TR,,52
16,22,TR,,13
16,23,TR,,7
16,24,TR,,14
16,25,TR,,13
16,26,TR,2,46
16,27,TR,,53
16,28,TR,2,35
16,29,TR,2,58
16,30,TR,2,57
16,31,TR,2,34
16,32,TR,2,48
16,33,TR,2,47
16,34,TR,2,30
16,35,TR,2,16
16,36,TR,2,6
16,37,TR,2,39
16,38,TR,2,33
16,39,TR,2,29
16,40,TR,2,51
16,41,TR,2,50
16,42,TR,2,46
16,43,TR,2,52
16,44,TR,2,47
16,45,TR,2,45
16,46,TR,2,62
16,47,TR,2,57
16,48,TR,2,35
16,49,TR,,7
16,50,TR,2,36
16,51,TR,2,22
16,52,TR,2,39
16,53,TR,2,58
16,54,TR,2,44
16,55,TR,2,35
16,56,TR,2,49
16,57,TR,2,50
16,58,TR,2,21
16,59,TR,2,42
16,60,TR,2,42
16,61,TR,2,19
16,62,TR,2,35
16,63,TR,2,21
16,64,TR,2,42
16,65,TR,2,24
16,66,TR,2,45
16,67,TR,2,40
16,68,TR,2,49
16,69,TR,2,32
16,70,TR,2,34
16,71,TR,2,26
16,72,TR,2,36
16,73,TR,2,31
16,74,TR,2,33
16,75,TR,2,19
16,76,TR,2,25
16,77,TR,2,21
16,78,TR,2,19
16,79,TR,,13
16,80,TR,1,34
16,81,TR,1,13
16,82,TR,1,16
16,83,TR,,15
16,84,TR,2,25
16,85,TR,2,29
16,86,TR,2,46
16,87,TR,2,35
16,88,TR,2,44
16,89,TR,2,10
16,90,TR,2,28
16,91,TR,,37
16,92,TR,,6
16,93,TR,2,20
16,94,TR,,7
16,95,TR,,17
16,96,TR,,35
16,97,TR,1,61
16,98,TR,,47
16,99,TR,,14
16,100,TR,1,8
16,101,TR,1,11
16,102,TR,,27
16,103,TR,,13
16,104,TR,,20
16,105,TR,,1
16,106,TR,,9
16,107,TR,2,27
16,108,TR,,8
16,112,TR,,2
16,113,TR,,4
16,114,TR,,1
16,115,TR,,2
16,116,TR,2,4
16,117,TR,,1
16,118,TR,,2
16,119,TR,,7
16,120,TR,,2
16,121,TR,,1
16,122,TR,,5
16,123,TR,,7
16,124,TR,2,9
16,125,TR,2,33
16,126,TR,2,31
16,127,TR,1,4
17,0,TR,,4
17,1,TR,,12
17,5,TR,,3
17,6,TR,,9
17,7,TR,,3
17,8,TR,,5
17,9,TR,,14
17,10,TR,,25
17,11,TR,2,8
17,12,TR,2,5
17,13,TR,,22
17,14,TR,,31
17,15,TR,,3
17,16,TR,,9
17,18,TR,,12
17,19,TR,2,1
17,20,TR,2,30
17,21,TR,,41
17,22,TR,,16
17,23,TR,2,8
17,24,TR,2,45
17,25,TR,,44
17,26,TR,2,20
17,27,TR,2,31
17,28,TR,2,49
17,29,TR,2,48
17,30,TR,2,35
17,31,TR,2,51
17,32,TR,2,60
17,33,TR,2,46
17,34,TR,2,29
17,35,TR,2,24
17,36,TR,2,51
17,37,TR,2,50
17,38,TR,2,18
17,39,TR,2,27
17,40,TR,2,32
17,41,TR,2,44
17,42,TR,2,51
17,43,TR,2,58
17,44,TR,2,28
17,45,TR,1,50
17,46,TR,2,65
17,47,TR,2,56
17,48,TR,2,54
17,49,TR,2,59
17,50,TR,2,46
17,51,TR,2,48
17,52,TR,2,55
17,53,TR,2,56
17,54,TR,2,44
17,55,TR,2,22
17,56,TR,2,25
17,57,TR,2,49
17,58,TR,2,52
17,59,TR,2,17
17,60,TR,2,30
17,61,TR,2,33
17,62,TR,2,29
17,63,TR,2,37
17,64,TR,2,39
17,65,TR,2,23
17,66,TR,2,37
17,67,TR,2,37
17,68,TR,2,23
17,69,TR,2,25
17,70,TR,2,40
17,71,TR,2,45
17,72,TR,2,57
17,73,TR,2,49
17,74,TR,2,40
17,75,TR,2,34
17,76,TR,2,33
17,77,TR,2,27
17,78,TR,2,17
17,79,TR,1,28
17,80,TR,,24
17,81,TR,,1
17,82,TR,,34
17,83,TR,1,44
17,84,TR,1,8
17,85,TR,2,15
17,86,TR,2,17
17,87,TR,2,39
17,88,TR,2,24
17,89,TR,2,37
17,90,TR,2,43
17,91,TR,2,55
17,92,TR,2,29
17,93,TR,2,26
17,94,TR,2,18
17,95,TR,1,15
17,96,TR,1,22
17,97,TR,1,23
17,98,TR,,17
17,99,TR,,1
17,100,TR,,1
17,101,TR,,1
17,102,TR,,1
17,103,TR,,1
17,104,TR,,2
17,105,TR,,3
17,106,TR,,10
17,107,TR,,11
17,108,TR,,7
17,114,TR,,1
17,115,TR,,1
17,116,TR,2,1
17,117,TR,,1
17,118,TR,,4
17,119,TR,,2
17,121,TR,,2
17,122,TR,,2
17,123,TR,2,1
17,124,TR,2,9
17,125,TR,2,13
17,126,TR,2,22
17,127,TR,2,17
18,1,TR,,7
18,5,TR,,3
18,6,TR,,10
18,7,TR,,3
18,8,TR,,6
18,9,TR,,6
18,10,TR,,14
18,11,TR,,26
18,12,TR,,5
18,13,TR,,20
18,14,TR,,8
18,15,TR,,21
18,16,TR,,11
18,18,TR,,14
18,19,TR,,26
18,20,TR,,12
18,21,TR,,2
18,22,TR,2,36
18,23,TR,2,15
18,24,TR,2,25
18,25,TR,,21
18,26,TR,2,31
18,27,TR,2,49
18,28,TR,2,58
18,29,TR,2,46
18,30,TR,2,54
18,31,TR,2,42
18,32,TR,2,26
18,33,TR,2,27
18,34,TR,2,34
18,35,TR,2,47
18,36,TR,2,46
18,37,TR,2,31
18,38,TR,2,36
18,39,TR,2,42
18,40,TR,2,54
18,41,TR,2,26
18,42,TR,2,24
18,43,TR,2,33
18,44,TR,2,29
18,45,TR,1,48
18,46,TR,2,39
18,47,TR,2,59
18,48,TR,2,53
18,49,TR,,64
18,50,TR,2,49
18,51,TR,2,36
18,52,TR,2,51
18,53,TR,2,45
18,54,TR,,30
18,55,TR,2,31
18,56,TR,2,49
18,57,TR,2,54
18,58,TR,2,31
18,59,TR,2,29
18,60,TR,2,28
18,61,TR,2,34
18,62,TR,2,33
18,63,TR,2,39
18,64,TR,2,25
18,65,TR,2,43
18,66,TR,2,50
18,67,TR,2,38
18,68,TR,2,32
18,69,TR,2,29
18,70,TR,2,34
18,71,TR,2,21
18,72,TR,2,37
18,73,TR,2,36
18,74,TR,2,46
18,75,TR,2,43
18,76,TR,2,28
18,77,TR,2,21
18,78,TR,2,30
18,79,TR,2,29
18,80,TR,2,25
18,81,TR,,8
18,82,TR,2,27
18,83,TR,,29
18,84,TR,,13
18,85,TR,2,9
18,86,TR,2,20
18,87,TR,2,38
18,88,TR,2,33
18,89,TR,2,21
18,90,TR,2,48
18,91,TR,2,60
18,92,TR,2,57
18,93,TR,,31
18,94,TR,1,
18,95,TR,1,25
18,96,TR,1,26
18,97,TR,,47
18,98,TR,,65
18,99,TR,,40
18,100,TR,,18
18,103,TR,,9
18,105,TR,,28
18,106,TR,,18
18,107,TR,,5
18,108,TR,,3
18,114,TR,,7
18,115,TR,,4
18,116,TR,,13
18,117,TR,,4
18,118,TR,2,11
18,119,TR,,6
18,120,TR,,4
18,121,TR,,2
18,122,TR,,2
18,123,TR,2,5
18,124,TR,2,15
18,125,TR,2,39
18,126,TR,2,24
18,127,TR,2,10
19,1,TR,,12
19,6,TR,,8
19,7,TR,,6
19,8,TR,,16
19,9,TR,,44
19,10,TR,,39
19,11,TR,2,21
19,12,TR,,14
19,18,TR,,37
19,19,TR,,18
19,21,TR,,5
19,22,TR,2,47
19,23,TR,2,51
19,24,TR,2,41
19,25,TR,2,30
19,26,TR,,31
19,27,TR,,24
19,28,TR,2,33
19,29,TR,2,44
19,30,TR,2,29
19,31,TR,2,44
19,32,TR,2,55
19,33,TR,2,62
19,34,TR,2,62
19,35,TR,2,36
19,36,TR,2,59
19,37,TR,2,47
19,38,TR,2,62
19,39,TR,2,45
19,40,TR,2,34
19,41,TR,2,56
19,42,TR,2,55
19,43,TR,2,36
19,44,TR,2,21
19,45,TR,2,54
19,46,TR,2,62
19,47,TR,2,54
19,48,TR,2,61
19,49,TR,2,63
19,50,TR,2,43
19,51,TR,2,24
19,52,TR,2,39
19,53,TR,,7
19,54,TR,,20
19,55,TR,2,23
19,56,TR,2,39
19,57,TR,2,22
19,58,TR,2,23
19,59,TR,2,39
19,60,TR,2,52
19,61,TR,2,37
19,62,TR,2,18
19,63,TR,,16
19,64,TR,2,10
19,65,TR,2,33
19,66,TR,2,46
19,67,TR,,44
19,68,TR,2,12
19,69,TR,2,18
19,70,TR,2,32
19,71,TR,,45
19,72,TR,2,35
19,73,TR,2,27
19,74,TR,2,24
19,75,TR,2,13
19,76,TR,2,26
19,77,TR,2,43
19,78,TR,2,25
19,79,TR,2,26
19,80,TR,2,40
19,81,TR,2,38
19,82,TR,2,41
19,83,TR,,12
19,84,TR,1,8
19,85,TR,2,4
19,86,TR,,21
19,87,TR,2,19
19,88,TR,2,22
19,89,TR,2,34
19,90,TR,2,44
19,91,TR,2,44
19,92,TR,2,37
19,93,TR,,30
19,94,TR,,18
19,95,TR,1,13
19,96,TR,,15
19,97,TR,1,45
19,98,TR,1,33
19,99,TR,,31
19,100,TR,1,12
19,101,TR,1,5
19,102,TR,,6
19,103,TR,,13
19,104,TR,,11
19,105,TR,,17
19,106,TR,,8
19,107,TR,2,7
19,108,TR,,4
19,112,TR,,2
19,113,TR,,5
19,114,TR,,8
19,115,TR,,9
19,116,TR,,9
19,117,TR,,3
19,118,TR,2,
19,119,TR,2,10
19,120,TR,,8
19,121,TR,,5
19,123,TR,,3
19,124,TR,,2
19,125,TR,2,18
19,126,TR,2,14
19,127,TR,,7
20,0,TR,,3
20,1,TR,,14
20,7,TR,,38
20,8,TR,2,59
20,9,TR,2,44
20,10,TR,,17
20,11,TR,,41
20,12,TR,,12
20,13,TR,,3
20,14,TR,,1
20,15,TR,,2
20,16,TR,,2
20,17,TR,,32
20,18,TR,2,57
20,19,TR,,21
20,20,TR,,3
20,21,TR,,3
20,22,TR,,15
20,23,TR,,20
20,24,TR,2,25
20,25,TR,,25
20,26,TR,2,30
20,27,TR,2,45
20,28,TR,2,51
20,29,TR,2,51
20,30,TR,2,55
20,31,TR,2,56
20,32,TR,2,59
20,33,TR,2,62
20,34,TR,2,63
20,35,TR,2,63
20,36,TR,2,65
20,37,TR,2,41
20,38,TR,2,62
20,39,TR,2,66
20,40,TR,2,56
20,41,TR,2,58
20,42,TR,2,56
20,43,TR,2,52
20,44,TR,2,44
20,45,TR,2,39
20,46,TR,2,25
20,47,TR,2,27
20,48,TR,2,45
20,49,TR,2,29
20,50,TR,2,29
20,51,TR,2,50
20,52,TR,2,46
20,53,TR,2,43
20,54,TR,2,48
20,55,TR,2,24
20,56,TR,2,18
20,57,TR,2,22
20,58,TR,2,9
20,59,TR,2,22
20,60,TR,2,24
20,61,TR,2,44
20,62,TR,2,32
20,63,TR,2,23
20,64,TR,2,39
20,65,TR,2,48
20,66,TR,2,41
20,67,TR,2,36
20,68,TR,2,25
20,69,TR,2,15
20,70,TR,2,26
20,71,TR,2,31
20,72,TR,2,27
20,73,TR,,9
20,74,TR,,7
20,75,TR,2,13
20,76,TR,2,39
20,77,TR,2,36
20,78,TR,2,27
20,79,TR,2,32
20,80,TR,2,35
20,81,TR,2,22
20,82,TR,2,34
20,83,TR,,12
20,84,TR,1,36
20,85,TR,2,43
20,86,TR,2,21
20,87,TR,2,33
20,88,TR,2,47
20,89,TR,2,29
20,90,TR,2,30
20,91,TR,2,23
20,92,TR,2,47
20,93,TR,2,45
20,94,TR,2,53
20,95,TR,2,31
20,96,TR,,15
20,97,TR,1,47
20,98,TR,1,37
20,99,TR,1,24
20,100,TR,1,47
20,101,TR,2,35
20,102,TR,,29
20,103,TR,,4
20,104,TR,,19
20,105,TR,,14
20,106,TR,2,22
20,107,TR,2,20
20,112,TR,,1
20,113,TR,,1
20,114,TR,,13
20,115,TR,,5
20,116,TR,2,9
20,117,TR,,2
20,118,TR,2,4
20,119,TR,2,4
20,120,TR,,5
20,121,TR,,4
20,122,TR,,1
20,123,TR,,2
20,124,TR,,2
20,125,TR,2,6
20,126,TR,2,8
20,127,TR,,16
21,0,TR,,4
21,1,TR,,4
21,2,TR,1,
21,4,TR,,4
21,6,TR,,16
21,7,TR,2,36
21,8,TR,2,42
21,9,TR,2,27
21,10,TR,2,45
21,11,TR,,38
21,12,TR,,30
21,13,TR,,12
21,14,TR,,10
21,15,TR,2,37
21,16,TR,,31
21,17,TR,2,54
21,18,TR,1,19
21,19,TR,1,21
21,20,TR,,16
21,21,TR,,27
21,22,TR,,22
21,23,TR,,17
21,24,TR,,16
21,25,TR,2,9
21,26,TR,2,40
21,27,TR,2,54
21,28,TR,2,58
21,29,TR,2,65
21,30,TR,2,65
21,31,TR,2,61
21,32,TR,2,60
21,33,TR,2,58
21,34,TR,2,59
21,35,TR,2,59
21,36,TR,2,62
21,37,TR,2,66
21,38,TR,2,65
21,39,TR,2,63
21,40,TR,2,57
21,41,TR,2,46
21,42,TR,2,58
21,43,TR,2,33
21,44,TR,2,43
21,45,TR,2,56
21,46,TR,2,12
21,47,TR,1,12
21,48,TR,2,7
21,49,TR,2,32
21,50,TR,2,53
21,51,TR,2,48
21,52,TR,2,43
21,53,TR,2,51
21,54,TR,2,19
21,55,TR,2,11
21,56,TR,2,19
21,57,TR,2,40
21,58,TR,2,21
21,59,TR,2,20
21,60,TR,2,26
21,61,TR,2,25
21,62,TR,2,21
21,63,TR,1,51
21,64,TR,1,16
21,65,TR,2,42
21,66,TR,2,38
21,67,TR,2,31
21,68,TR,,29
21,69,TR,2,35
21,70,TR,2,34
21,71,TR,2,44
21,72,TR,2,34
21,73,TR,,32
21,74,TR,,10
21,75,TR,2,15
21,76,TR,2,30
21,77,TR,2,37
21,78,TR,,8
21,79,TR,2,21
21,80,TR,2,39
21,81,TR,2,34
21,82,TR,2,30
21,83,TR,2,22
21,84,TR,,31
21,85,TR,1,39
21,86,TR,2,20
21,87,TR,2,34
21,88,TR,2,41
21,89,TR,2,28
21,90,TR,2,40
21,91,TR,2,49
21,92,TR,2,52
21,93,TR,2,26
21,94,TR,2,57
21,95,TR,2,51
21,96,TR,2,32
21,97,TR,2,48
21,98,TR,2,49
21,99,TR,1,22
21,100,TR,1,48
21,101,TR,2,38
21,102,TR,,8
21,103,TR,,5
21,104,TR,,9
21,105,TR,,17
21,106,TR,,9
21,107,TR,,2
21,108,TR,,1
21,112,TR,,2
21,114,TR,,10
21,115,TR,,2
21,116,TR,,2
21,117,TR,,1
21,118,TR,,8
21,119,TR,,4
21,121,TR,,2
21,122,TR,,4
21,123,TR,2,1
21,124,TR,,11
21,125,TR,2,19
21,126,TR,2,29
21,127,TR,2,8
22,0,TR,1,
22,2,TR,,8
22,3,TR,,7
22,4,TR,,1
22,5,TR,,20
22,6,TR,,6
22,7,TR,,5
22,8,TR,,7
22,10,TR,,7
22,11,TR,2,35
22,12,TR,2,42
22,13,TR,,25
22,14,TR,,28
22,15,TR,2,30
22,16,TR,2,38
22,17,TR,2,39
22,18,TR,2,28
22,19,TR,,16
22,20,TR,,17
22,21,TR,,7
22,22,TR,,8
22,23,TR,,1
22,25,TR,2,30
22,26,TR,2,52
22,27,TR,2,58
22,28,TR,2,49
22,29,TR,2,57
22,30,TR,2,49
22,31,TR,2,40
22,32,TR,2,62
22,33,TR,2,54
22,34,TR,2,56
22,35,TR,2,65
22,36,TR,2,55
22,37,TR,2,61
22,38,TR,2,66
22,39,TR,2,49
22,40,TR,2,56
22,41,TR,2,20
22,42,TR,2,42
22,43,TR,2,45
22,44,TR,2,51
22,45,TR,2,53
22,46,TR,2,28
22,47,TR,1,21
22,48,TR,2,24
22,49,TR,2,20
22,50,TR,2,31
22,51,TR,2,44
22,52,TR,2,43
22,53,TR,2,47
22,54,TR,2,34
22,55,TR,2,27
22,56,TR,,16
22,57,TR,2,19
22,58,TR,2,30
22,59,TR,2,30
22,60,TR,2,36
22,61,TR,2,31
22,62,TR,2,32
22,63,TR,2,36
22,64,TR,2,37
22,65,TR,2,9
22,66,TR,2,37
22,67,TR,2,38
22,68,TR,2,34
22,69,TR,2,32
22,70,TR,2,21
22,71,TR,2,27
22,72,TR,2,30
22,73,TR,2,27
22,74,TR,,25
22,75,TR,2,31
22,76,TR,2,35
22,77,TR,2,37
22,78,TR,2,15
22,79,TR,2,17
22,80,TR,2,33
22,81,TR,2,28
22,82,TR,2,14
22,83,TR,1,33
22,84,TR,1,38
22,85,TR,1,40
22,86,TR,2,31
22,87,TR,2,17
22,88,TR,2,22
22,89,TR,2,24
22,90,TR,2,33
22,91,TR,2,36
22,92,TR,2,39
22,93,TR,2,42
22,94,TR,2,46
22,95,TR,2,30
22,96,TR,2,59
22,97,TR,2,64
22,98,TR,2,57
22,99,TR,1,54
22,100,TR,1,38
22,101,TR,,28
22,102,TR,2,21
22,103,TR,2,24
22,104,TR,2,36
22,105,TR,,27
22,106,TR,,5
22,107,TR,,3
22,108,TR,,1
22,111,TR,,5
22,112,TR,,9
22,113,TR,,3
22,114,TR,,10
22,115,TR,,4
22,116,TR,1,1
22,117,TR,,3
22,118,TR,2,7
22,119,TR,,2
22,120,TR,,1
22,121,TR,,1
22,122,TR,2,11
22,123,TR,2,10
22,124,TR,,3
22,125,TR,2,19
22,126,TR,,14
22,127,TR,,2
23,1,TR,,14
23,2,TR,,4
23,3,TR,,3
23,5,TR,,5
23,6,TR,,18
23,7,TR,,25
23,8,TR,,22
23,11,TR,,5
23,12,TR,,8
23,13,TR,1,32
23,14,TR,,4
23,16,TR,,50
23,17,TR,2,50
23,18,TR,,20
23,20,TR,,10
23,21,TR,,26
23,22,TR,,10
23,23,TR,,10
23,24,TR,,16
23,25,TR,,20
23,26,TR,2,29
23,27,TR,2,51
23,28,TR,2,45
23,29,TR,2,42
23,30,TR,2,53
23,31,TR,1,51
23,32,TR,2,61
23,33,TR,,29
23,34,TR,2,28
23,35,TR,2,62
23,36,TR,2,61
23,37,TR,2,55
23,38,TR,2,65
23,39,TR,2,38
23,40,TR,2,46
23,41,TR,2,53
23,42,TR,,44
23,43,TR,,28
23,44,TR,2,47
23,45,TR,2,49
23,46,TR,1,35
23,47,TR,2,41
23,48,TR,2,18
23,49,TR,2,20
23,50,TR,2,15
23,51,TR,2,16
23,52,TR,2,11
23,53,TR,2,36
23,54,TR,2,31
23,55,TR,2,30
23,56,TR,2,24
23,57,TR,2,15
23,58,TR,2,13
23,59,TR,2,26
23,60,TR,2,25
23,61,TR,2,27
23,62,TR,2,28
23,63,TR,,17
23,64,TR,,13
23,65,TR,2,
23,66,TR,2,18
23,67,TR,2,41
23,68,TR,2,20
23,69,TR,2,19
23,70,TR,2,27
23,71,TR,2,27
23,72,TR,2,31
23,73,TR,2,40
23,74,TR,2,37
23,75,TR,2,42
23,76,TR,2,40
23,77,TR,2,30
23,78,TR,2,33
23,79,TR,2,36
23,80,TR,2,38
23,81,TR,2,31
23,82,TR,2,5
23,83,TR,1,32
23,84,TR,,21
23,85,TR,2,28
23,86,TR,2,34
23,87,TR,,22
23,88,TR,,27
23,89,TR,2,19
23,90,TR,2,18
23,91,TR,2,41
23,92,TR,2,39
23,93,TR,2,43
23,94,TR,2,29
23,95,TR,2,8
23,96,TR,2,57
23,97,TR,2,62
23,98,TR,2,59
23,99,TR,1,46
23,100,TR,2,48
23,101,TR,1,15
23,102,TR,2,27
23,103,TR,2,29
23,104,TR,,23
23,105,TR,,1
23,106,TR,,2
23,107,TR,,11
23,108,TR,,1
23,111,TR,,1
23,114,TR,,1
23,117,TR,,3
23,118,TR,2,7
23,119,TR,2,2
23,120,TR,,10
23,121,TR,,7
23,122,TR,2,16
23,123,TR,1,5
23,124,TR,2,2
23,125,TR,2,5
23,126,TR,,5
24,0,TR,,1
24,1,TR,,11
24,2,TR,,37
24,3,TR,,22
24,5,TR,,5
24,6,TR,,18
24,7,TR,,4
24,8,TR,,3
24,10,TR,,3
24,11,TR,,1
24,12,TR,,5
24,13,TR,,21
24,14,TR,,11
24,15,TR,,17
24,16,TR,,11
24,17,TR,,13
24,18,TR,,46
24,19,TR,,9
24,20,TR,1,33
24,21,TR,,35
24,23,TR,,6
24,24,TR,,11
24,25,TR,,5
24,26,TR,,2
24,27,TR,2,40
24,28,TR,2,58
24,29,TR,2,59
24,30,TR,2,55
24,31,TR,2,52
24,32,TR,2,54
24,33,TR,2,50
24,34,TR,2,35
24,35,TR,2,54
24,36,TR,2,48
24,37,TR,2,58
24,38,TR,2,35
24,39,TR,2,26
24,40,TR,,29
24,41,TR,2,61
24,42,TR,,38
24,43,TR,,3
24,44,TR,2,10
24,45,TR,2,58
24,46,TR,,30
24,47,TR,,16
24,48,TR,2,24
24,49,TR,2,14
24,50,TR,2,5
24,51,TR,2,2
24,52,TR,2,17
24,53,TR,,35
24,54,TR,2,8
24,55,TR,2,38
24,56,TR,2,39
24,57,TR,2,34
24,58,TR,2,29
24,59,TR,2,30
24,60,TR,2,26
24,61,TR,2,16
24,62,TR,2,27
24,63,TR,,18
24,64,TR,1,18
24,65,TR,2,30
24,66,TR,2,29
24,67,TR,2,27
24,68,TR,2,25
24,69,TR,2,32
24,70,TR,2,30
24,71,TR,2,26
24,72,TR,2,35
24,73,TR,2,35
24,74,TR,2,38
24,75,TR,2,38
24,76,TR,2,40
24,77,TR,2,24
24,78,TR,2,24
24,79,TR,2,32
24,80,TR,2,31
24,81,TR,2,25
24,82,TR,2,6
24,83,TR,2,24
24,84,TR,2,26
24,85,TR,1,37
24,86,TR,1,43
24,87,TR,1,37
24,88,TR,,15
24,89,TR,1,15
24,90,TR,2,54
24,91,TR,2,48
24,92,TR,1,43
24,93,TR,2,38
24,94,TR,2,31
24,95,TR,2,42
24,96,TR,2,60
24,97,TR,2,41
24,98,TR,2,52
24,99,TR,1,36
24,100,TR,2,45
24,101,TR,2,33
24,102,TR,2,30
24,103,TR,2,23
24,104,TR,,3
24,106,TR,2,
24,107,TR,2,4
24,108,TR,,2
24,109,TR,,3
24,110,TR,,4
24,117,TR,,2
24,118,TR,2,15
24,119,TR,2,8
24,120,TR,2,9
24,121,TR,2,7
24,122,TR,2,6
24,123,TR,2,11
24,124,TR,,4
24,126,TR,,2
25,2,TR,,6
25,10,TR,,5
25,12,TR,,2
25,13,TR,,12
25,14,TR,,6
25,18,TR,,30
25,19,TR,2,27
25,20,TR,2,53
25,21,TR,,14
25,22,TR,,20
25,23,TR,,15
25,24,TR,,17
25,25,TR,,30
25,26,TR,,11
25,27,TR,2,45
25,28,TR,2,46
25,29,TR,2,35
25,30,TR,2,42
25,31,TR,2,7
25,32,TR,2,50
25,33,TR,2,17
25,34,TR,2,57
25,35,TR,2,36
25,36,TR,2,19
25,37,TR,2,51
25,38,TR,2,29
25,39,TR,2,38
25,40,TR,2,50
25,41,TR,2,43
25,42,TR,,6
25,44,TR,,5
25,45,TR,2,37
25,46,TR,,18
25,48,TR,,6
25,53,TR,,6
25,54,TR,2,37
25,55,TR,2,44
25,56,TR,2,37
25,57,TR,2,33
25,58,TR,2,38
25,59,TR,2,31
25,60,TR,2,33
25,61,TR,2,35
25,62,TR,2,29
25,63,TR,2,15
25,64,TR,2,18
25,65,TR,2,30
25,66,TR,2,38
25,67,TR,2,7
25,68,TR,2,25
25,69,TR,2,23
25,70,TR,2,20
25,71,TR,2,27
25,72,TR,2,27
25,73,TR,2,15
25,74,TR,2,21
25,75,TR,2,18
25,76,TR,2,35
25,77,TR,,28
25,78,TR,,15
25,79,TR,2,26
25,80,TR,2,12
25,81,TR,,13
25,82,TR,2,3
25,83,TR,2,23
25,84,TR,2,13
25,85,TR,1,31
25,86,TR,1,29
25,87,TR,1,23
25,88,TR,,18
25,89,TR,1,11
25,90,TR,2,51
25,91,TR,1,49
25,92,TR,1,37
25,93,TR,1,58
25,94,TR,2,29
25,95,TR,2,56
25,96,TR,2,24
25,97,TR,1,
25,98,TR,,9
25,99,TR,,3
25,100,TR,2,23
25,101,TR,2,23
25,102,TR,2,37
25,103,TR,1,13
25,104,TR,,2
25,107,TR,2,3
25,108,TR,2,3
25,109,TR,1,
25,110,TR,,4
25,111,TR,,4
25,112,TR,,1
25,118,TR,2,9
25,119,TR,,9
25,120,TR,,6
25,121,TR,,10
25,122,TR,2,8
25,123,TR,2,11
25,124,TR,,4
25,125,TR,2,3
25,126,TR,,10
25,127,TR,,5
26,1,TR,,7
26,2,TR,,30
26,3,TR,,10
26,6,TR,,8
26,7,TR,,2
26,9,TR,,6
26,10,TR,,6
26,12,TR,,5
26,13,TR,,10
26,14,TR,,11
26,16,TR,,2
26,17,TR,,45
26,18,TR,,20
26,19,TR,2,25
26,20,TR,,7
26,21,TR,,9
26,22,TR,,19
26,23,TR,,42
26,24,TR,,55
26,25,TR,,14
26,26,TR,2,36
26,27,TR,2,12
26,28,TR,2,4
26,29,TR,2,7
26,30,TR,2,28
26,31,TR,2,18
26,32,TR,2,51
26,33,TR,2,56
26,34,TR,2,66
26,35,TR,2,53
26,36,TR,2,50
26,37,TR,2,37
26,38,TR,2,28
26,39,TR,2,40
26,40,TR,2,49
26,41,TR,2,62
26,42,TR,,35
26,43,TR,,29
26,44,TR,2,45
26,45,TR,2,51
26,46,TR,2,25
26,47,TR,,13
26,48,TR,,4
26,49,TR,2,21
26,50,TR,,22
26,53,TR,2,29
26,54,TR,2,27
26,55,TR,2,38
26,56,TR,2,33
26,57,TR,2,14
26,58,TR,2,28
26,59,TR,2,33
26,60,TR,2,44
26,61,TR,2,25
26,62,TR,,10
26,64,TR,2,6
26,65,TR,2,9
26,66,TR,2,27
26,67,TR,2,14
26,68,TR,2,36
26,69,TR,2,24
26,70,TR,2,16
26,71,TR,2,21
26,72,TR,2,27
26,73,TR,2,25
26,74,TR,2,9
26,75,TR,2,28
26,76,TR,2,35
26,77,TR,2,24
26,78,TR,2,24
26,79,TR,2,17
26,80,TR,2,18
26,81,TR,2,11
26,82,TR,2,24
26,83,TR,2,22
26,84,TR,2,31
26,85,TR,2,32
26,86,TR,1,1
26,87,TR,,9
26,88,TR,,5
26,89,TR,,22
26,90,TR,2,35
26,91,TR,2,64
26,92,TR,1,42
26,93,TR,2,17
26,94,TR,,14
26,95,TR,2,12
26,96,TR,,7
26,97,TR,,21
26,98,TR,2,28
26,99,TR,2,25
26,100,TR,,38
26,101,TR,2,24
26,102,TR,2,27
26,103,TR,,2
26,107,TR,,2
26,108,TR,2,3
26,109,TR,2,12
26,110,TR,,3
26,112,TR,,2
26,115,TR,,5
26,116,TR,,2
26,117,TR,,3
26,118,TR,,8
26,119,TR,,6
26,120,TR,,8
26,121,TR,2,13
26,122,TR,2,12
26,123,TR,2,13
26,124,TR,2,7
26,125,TR,2,1
27,0,TR,,8
27,1,TR,,21
27,2,TR,,40
27,6,TR,,7
27,7,TR,,3
27,8,TR,,2
27,9,TR,,18
27,10,TR,,7
27,11,TR,,30
27,12,TR,,12
27,13,TR,,8
27,14,TR,,9
27,16,TR,,9
27,17,TR,1,34
27,18,TR,1,19
27,19,TR,,33
27,20,TR,,22
27,21,TR,,26
27,22,TR,,2
27,23,TR,2,47
27,24,TR,2,57
27,25,TR,2,31
27,26,TR,2,35
27,27,TR,2,5
27,28,TR,2,5
27,29,TR,2,37
27,30,TR,2,42
27,31,TR,2,36
27,32,TR,2,39
27,33,TR,2,48
27,34,TR,2,55
27,35,TR,2,62
27,36,TR,2,50
27,37,TR,2,41
27,38,TR,2,57
27,39,TR,2,36
27,40,TR,2,66
27,41,TR,2,51
27,42,TR,2,41
27,43,TR,2,26
27,44,TR,2,59
27,45,TR,2,45
27,46,TR,2,40
27,47,TR,2,14
27,48,TR,2,19
27,49,TR,2,13
27,53,TR,,12
27,54,TR,,26
27,55,TR,2,21
27,56,TR,2,40
27,57,TR,2,9
27,58,TR,2,23
27,59,TR,2,33
27,60,TR,2,29
27,61,TR,2,14
27,62,TR,,19
27,63,TR,,1
27,65,TR,2,14
27,66,TR,2,39
27,67,TR,2,42
27,68,TR,2,28
27,69,TR,2,29
27,70,TR,2,34
27,71,TR,2,32
27,72,TR,2,30
27,73,TR,2,45
27,74,TR,2,42
27,75,TR,2,47
27,76,TR,2,45
27,77,TR,2,28
27,78,TR,2,30
27,79,TR,2,31
27,80,TR,2,31
27,81,TR,2,16
27,82,TR,2,26
27,83,TR,2,25
27,84,TR,,15
27,85,TR,2,18
27,86,TR,1,8
27,87,TR,2,17
27,88,TR,2,32
27,89,TR,2,46
27,90,TR,2,18
27,91,TR,2,17
27,92,TR,,6
27,94,TR,,14
27,95,TR,,20
27,97,TR,1,33
27,98,TR,1,10
27,99,TR,1,31
27,100,TR,,18
27,101,TR,2,22
27,102,TR,2,12
27,103,TR,,1
27,107,TR,,2
27,108,TR,,2
27,109,TR,2,6
27,110,TR,,2
27,112,TR,,1
27,116,TR,,3
27,117,TR,,9
27,118,TR,2,13
27,119,TR,2,4
27,120,TR,2,7
27,121,TR,2,10
27,122,TR,2,12
27,123,TR,2,7
27,124,TR,,7
27,125,TR,2,1
27,127,TR,,1
28,2,TR,,15
28,7,TR,,8
28,8,TR,,15
28,10,TR,,5
28,14,TR,,5
28,15,TR,,16
28,16,TR,,7
28,17,TR,,9
28,18,TR,,21
28,21,TR,,4
28,22,TR,,38
28,23,TR,2,19
28,24,TR,2,34
28,25,TR,2,46
28,26,TR,2,28
28,27,TR,,27
28,28,TR,2,33
28,29,TR,2,40
28,30,TR,2,58
28,31,TR,2,56
28,32,TR,2,47
28,33,TR,1,49
28,34,TR,2,59
28,35,TR,2,53
28,36,TR,2,47
28,37,TR,2,43
28,38,TR,2,50
28,39,TR,2,50
28,40,TR,2,63
28,41,TR,2,64
28,42,TR,2,57
28,43,TR,2,55
28,44,TR,2,35
28,45,TR,1,47
28,46,TR,2,37
28,47,TR,2,43
28,48,TR,2,47
28,49,TR,,26
28,50,TR,,5
28,55,TR,,12
28,56,TR,2,16
28,57,TR,2,8
28,58,TR,2,31
28,59,TR,2,28
28,60,TR,2,39
28,61,TR,2,36
28,62,TR,,5
28,63,TR,,11
28,64,TR,,2
28,65,TR,2,15
28,66,TR,2,48
28,67,TR,2,37
28,68,TR,2,32
28,69,TR,2,10
28,70,TR,,3
28,71,TR,,1
28,72,TR,,2
28,73,TR,,9
28,74,TR,,9
28,75,TR,2,20
28,76,TR,2,50
28,77,TR,2,70
28,78,TR,2,57
28,79,TR,2,45
28,80,TR,2,49
28,81,TR,2,33
28,82,TR,,16
28,83,TR,2,31
28,84,TR,2,26
28,85,TR,2,28
28,86,TR,,29
28,87,TR,2,21
28,88,TR,2,27
28,89,TR,2,31
28,90,TR,2,24
28,91,TR,2,39
28,92,TR,2,16
28,93,TR,,7
28,94,TR,,14
28,97,TR,1,32
28,98,TR,,9
28,100,TR,,22
28,101,TR,,37
28,102,TR,,7
28,108,TR,2,
28,109,TR,2,8
28,110,TR,,3
28,114,TR,,4
28,116,TR,,2
28,117,TR,,7
28,118,TR,2,6
28,119,TR,2,8
28,120,TR,2,9
28,121,TR,2,10
28,122,TR,2,9
28,123,TR,2,1
28,124,TR,,10
28,127,TR,,5
29,0,TR,,5
29,1,TR,,3
29,5,TR,,1
29,6,TR,,7
29,7,TR,,1
29,8,TR,,16
29,9,TR,,2
29,11,TR,,18
29,12,TR,,21
29,14,TR,,3
29,15,TR,,11
29,16,TR,,5
29,17,TR,,21
29,18,TR,,4
29,20,TR,,4
29,21,TR,2,41
29,22,TR,2,49
29,23,TR,,40
29,24,TR,,30
29,25,TR,2,62
29,26,TR,2,59
29,27,TR,2,47
29,28,TR,2,50
29,29,TR,2,54
29,30,TR,2,58
29,31,TR,2,59
29,32,TR,2,64
29,33,TR,2,51
29,34,TR,2,57
29,35,TR,2,65
29,36,TR,2,61
29,37,TR,2,39
29,38,TR,2,55
29,39,TR,2,52
29,40,TR,,40
29,41,TR,2,40
29,42,TR,2,62
29,43,TR,2,58
29,44,TR,2,46
29,45,TR,2,55
29,46,TR,2,59
29,47,TR,2,48
29,48,TR,2,47
29,49,TR,2,46
29,50,TR,2,42
29,51,TR,,13
29,53,TR,,1
29,57,TR,2,28
29,58,TR,2,35
29,59,TR,2,42
29,60,TR,2,44
29,61,TR,2,47
29,62,TR,2,19
29,63,TR,,31
29,64,TR,2,26
29,65,TR,2,50
29,66,TR,2,32
29,67,TR,2,21
29,68,TR,2,8
29,69,TR,,1
29,75,TR,,3
29,76,TR,2,20
29,77,TR,2,58
29,78,TR,2,64
29,79,TR,2,59
29,80,TR,2,50
29,81,TR,2,42
29,82,TR,2,43
29,83,TR,,43
29,84,TR,2,22
29,85,TR,2,39
29,86,TR,2,25
29,87,TR,2,19
29,88,TR,,8
29,89,TR,2,41
29,90,TR,2,30
29,91,TR,2,40
29,92,TR,,25
29,93,TR,1,19
29,94,TR,1,25
29,95,TR,,7
29,96,TR,,6
29,97,TR,,17
29,98,TR,,4
29,99,TR,2,5
29,100,TR,2,54
29,101,TR,2,16
29,107,TR,,1
29,114,TR,,3
29,115,TR,,9
29,116,TR,,7
29,117,TR,2,12
29,118,TR,2,10
29,119,TR,2,4
29,120,TR,2,7
29,121,TR,2,17
29,122,TR,2,10
29,123,TR,,1
30,0,TR,,16
30,1,TR,,9
30,5,TR,,3
30,6,TR,,35
30,7,TR,,20
30,10,TR,,1
30,11,TR,,26
30,13,TR,,8
30,14,TR,,10
30,15,TR,,18
30,16,TR,,20
30,17,TR,2,36
30,18,TR,,12
30,19,TR,,2
30,20,TR,2,37
30,21,TR,2,41
30,22,TR,2,34
30,23,TR,,23
30,24,TR,2,44
30,25,TR,2,52
30,26,TR,2,45
30,27,TR,2,38
30,28,TR,2,46
30,29,TR,2,57
30,30,TR,2,53
30,31,TR,2,50
30,32,TR,2,54
30,33,TR,2,62
30,34,TR,2,26
30,35,TR,2,62
30,36,TR,2,47
30,37,TR,2,49
30,38,TR,2,36
30,39,TR,2,46
30,40,TR,2,52
30,41,TR,1,37
30,42,TR,2,57
30,43,TR,2,61
30,44,TR,2,51
30,45,TR,2,40
30,46,TR,2,39
30,47,TR,2,26
30,48,TR,2,38
30,49,TR,2,16
30,50,TR,2,33
30,51,TR,2,49
30,52,TR,,16
30,53,TR,,8
30,54,TR,,5
30,55,TR,,11
30,56,TR,,17
30,57,TR,2,22
30,58,TR,2,27
30,59,TR,2,51
30,60,TR,2,47
30,61,TR,2,43
30,62,TR,2,46
30,63,TR,2,45
30,64,TR,2,39
30,65,TR,2,40
30,66,TR,2,40
30,67,TR,2,49
30,68,TR,2,38
30,69,TR,,18
30,71,TR,,3
30,72,TR,,6
30,74,TR,,11
30,75,TR,,24
30,76,TR,2,40
30,77,TR,2,57
30,78,TR,2,60
30,79,TR,2,54
30,80,TR,2,40
30,81,TR,2,37
30,82,TR,1,45
30,83,TR,2,52
30,84,TR,2,51
30,85,TR,2,58
30,86,TR,2,29
30,87,TR,2,21
30,88,TR,2,30
30,89,TR,2,15
30,90,TR,1,33
30,91,TR,1,26
30,92,TR,,6
30,93,TR,1,8
30,94,TR,1,28
30,95,TR,1,43
30,96,TR,,23
30,97,TR,,14
30,98,TR,1,9
30,99,TR,2,4
30,100,TR,,29
30,101,TR,,6
30,102,TR,,1
30,107,TR,,2
30,108,TR,,1
30,114,TR,,2
30,115,TR,,12
30,116,TR,,9
30,117,TR,2,7
30,118,TR,2,5
30,119,TR,2,15
30,120,TR,2,12
30,121,TR,,9
30,122,TR,,6
31,0,TR,,7
31,1,TR,,32
31,2,TR,,1
31,6,TR,,14
31,7,TR,,25
31,8,TR,,18
31,9,TR,,2
31,12,TR,,5
31,13,TR,,2
31,14,TR,,2
31,15,TR,,2
31,16,TR,,34
31,17,TR,,12
31,18,TR,,10
31,19,TR,,10
31,20,TR,2,23
31,21,TR,,7
31,22,TR,,22
31,23,TR,2,50
31,24,TR,2,45
31,25,TR,2,58
31,26,TR,2,49
31,27,TR,2,47
31,28,TR,1,23
31,29,TR,1,32
31,30,TR,2,46
31,31,TR,2,63
31,32,TR,2,44
31,33,TR,2,58
31,34,TR,2,54
31,35,TR,2,63
31,36,TR,2,39
31,37,TR,2,44
31,38,TR,2,42
31,39,TR,2,60
31,40,TR,2,55
31,41,TR,2,43
31,42,TR,2,45
31,43,TR,2,33
31,44,TR,2,11
31,45,TR,2,23
31,46,TR,,7
31,47,TR,,1
31,48,TR,,29
31,49,TR,2,32
31,50,TR,2,51
31,51,TR,2,55
31,52,TR,2,45
31,53,TR,,22
31,54,TR,2,26
31,55,TR,2,24
31,56,TR,,25
31,57,TR,2,14
31,58,TR,2,35
31,59,TR,2,19
31,60,TR,2,13
31,61,TR,2,25
31,62,TR,2,47
31,63,TR,2,38
31,64,TR,2,41
31,65,TR,2,41
31,66,TR,2,40
31,67,TR,2,37
31,68,TR,,28
31,69,TR,,22
31,70,TR,,7
31,71,TR,,16
31,72,TR,,30
31,73,TR,,15
31,74,TR,2,23
31,75,TR,2,46
31,76,TR,2,42
31,77,TR,2,46
31,78,TR,2,30
31,79,TR,2,31
31,80,TR,2,34
31,81,TR,1,33
31,82,TR,1,23
31,83,TR,2,23
31,84,TR,2,51
31,85,TR,2,44
31,86,TR,,18
31,87,TR,,35
31,88,TR,,15
31,89,TR,,7
31,90,TR,,15
31,91,TR,2,34
31,92,TR,,27
31,93,TR,1,22
31,94,TR,1,13
31,95,TR,,30
31,96,TR,,12
31,97,TR,,11
31,98,TR,,1
31,99,TR,,1
31,104,TR,,1
31,108,TR,,1
31,114,TR,,3
31,115,TR,,6
31,116,TR,2,11
31,117,TR,2,4
31,118,TR,2,12
31,119,TR,2,12
31,120,TR,2,9
31,121,TR,2,7
31,122,TR,,2
31,124,TR,,4
31,125,TR,,18
31,126,TR,,7
31,127,TR,,6
32,2,TR,,6
32,5,TR,,1
32,6,TR,,5
32,12,TR,,9
32,17,TR,1,24
32,18,TR,,39
32,19,TR,,17
32,21,TR,2,17
32,22,TR,2,52
32,23,TR,2,39
32,24,TR,1,22
32,25,TR,,57
32,26,TR,2,45
32,27,TR,2,41
32,28,TR,2,36
32,29,TR,1,18
32,30,TR,2,28
32,31,TR,2,63
32,32,TR,2,29
32,33,TR,2,52
32,34,TR,2,64
32,35,TR,2,54
32,36,TR,2,46
32,37,TR,2,37
32,38,TR,2,50
32,39,TR,2,63
32,40,TR,2,62
32,41,TR,2,7
32,42,TR,2,4
32,43,TR,2,17
32,44,TR,2,6
32,49,TR,2,18
32,50,TR,2,67
32,51,TR,2,51
32,52,TR,2,56
32,53,TR,2,27
32,54,TR,2,27
32,55,TR,2,22
32,56,TR,2,26
32,57,TR,2,9
32,58,TR,2,17
32,59,TR,,3
32,60,TR,2,9
32,61,TR,2,27
32,62,TR,2,36
32,63,TR,2,27
32,64,TR,2,41
32,65,TR,2,37
32,66,TR,2,15
32,67,TR,2,15
32,68,TR,2,18
32,69,TR,,4
32,70,TR,1,20
32,71,TR,1,44
32,72,TR,2,51
32,73,TR,2,56
32,74,TR,2,60
32,75,TR,2,39
32,76,TR,2,50
32,77,TR,,38
32,78,TR,,40
32,79,TR,1,41
32,80,TR,1,47
32,81,TR,1,12
32,82,TR,1,37
32,83,TR,1,32
32,84,TR,,11
32,85,TR,2,20
32,86,TR,,18
32,87,TR,,6
32,88,TR,,23
32,89,TR,2,34
32,90,TR,,11
32,91,TR,2,32
32,92,TR,2,41
32,93,TR,1,23
32,94,TR,,26
32,95,TR,,7
32,96,TR,,12
32,98,TR,,1
32,112,TR,,2
32,113,TR,,7
32,114,TR,2,13
32,115,TR,2,16
32,116,TR,2,20
32,117,TR,2,17
32,118,TR,2,7
32,119,TR,2,11
32,120,TR,2,7
32,121,TR,,2
32,124,TR,,5
32,125,TR,1,
32,126,TR,,2
32,127,TR,,4
33,1,TR,,14
33,2,TR,,1
33,3,TR,,12
33,4,TR,1,
33,5,TR,,11
33,6,TR,,7
33,10,TR,,7
33,14,TR,,2
33,15,TR,,12
33,16,TR,1,29
33,17,TR,2,64
33,18,TR,,27
33,19,TR,,1
33,20,TR,2,22
33,21,TR,2,35
33,22,TR,2,64
33,23,TR,1,37
33,24,TR,1,47
33,25,TR,1,61
33,26,TR,2,20
33,27,TR,2,5
33,28,TR,1,41
33,29,TR,2,11
33,30,TR,2,4
33,31,TR,2,14
33,32,TR,2,39
33,33,TR,2,53
33,34,TR,2,29
33,35,TR,2,45
33,36,TR,2,67
33,37,TR,2,50
33,38,TR,1,58
33,39,TR,2,32
33,40,TR,2,54
33,41,TR,2,29
33,42,TR,,4
33,49,TR,,2
33,50,TR,2,46
33,51,TR,2,44
33,52,TR,2,54
33,53,TR,2,32
33,54,TR,2,27
33,55,TR,2,21
33,56,TR,2,21
33,57,TR,2,10
33,58,TR,2,5
33,59,TR,,11
33,60,TR,2,8
33,61,TR,2,10
33,62,TR,1,18
33,63,TR,,31
33,64,TR,,7
33,65,TR,,1
33,69,TR,,2
33,70,TR,1,36
33,71,TR,1,40
33,72,TR,2,25
33,73,TR,2,48
33,74,TR,2,55
33,75,TR,2,41
33,76,TR,1,41
33,77,TR,,46
33,78,TR,1,33
33,79,TR,1,10
33,80,TR,2,27
33,81,TR,1,31
33,82,TR,1,26
33,83,TR,1,21
33,84,TR,,22
33,85,TR,2,29
33,86,TR,2,50
33,87,TR,,10
33,88,TR,,38
33,89,TR,2,44
33,90,TR,2,43
33,91,TR,2,27
33,92,TR,2,35
33,93,TR,2,37
33,94,TR,2,51
33,95,TR,,18
33,96,TR,,29
33,97,TR,,10
33,98,TR,,3
33,111,TR,,1
33,112,TR,,4
33,113,TR,,1
33,114,TR,2,8
33,115,TR,2,9
33,116,TR,2,26
33,117,TR,2,23
33,118,TR,,7
33,119,TR,,4
33,120,TR,2,4
34,0,TR,,2
34,5,TR,,12
34,6,TR,,7
34,10,TR,,7
34,12,TR,,2
34,13,TR,,8
34,14,TR,,24
34,15,TR,1,54
34,16,TR,,44
34,17,TR,2,61
34,18,TR,2,9
34,19,TR,,9
34,20,TR,2,27
34,21,TR,2,50
34,22,TR,2,65
34,23,TR,2,34
34,24,TR,1,42
34,25,TR,1,48
34,26,TR,2,22
34,27,TR,2,3
34,28,TR,2,26
34,29,TR,2,26
34,30,TR,2,15
34,31,TR,2,31
34,32,TR,2,48
34,33,TR,2,57
34,34,TR,2,51
34,35,TR,2,52
34,36,TR,2,47
34,37,TR,2,52
34,38,TR,2,40
34,39,TR,2,52
34,40,TR,2,51
34,41,TR,2,16
34,42,TR,2,18
34,43,TR,,9
34,44,TR,,18
34,50,TR,,4
34,51,TR,,17
34,52,TR,,16
34,53,TR,,15
34,54,TR,2,23
34,55,TR,2,19
34,56,TR,2,16
34,57,TR,2,18
34,58,TR,2,33
34,59,TR,2,7
34,60,TR,2,23
34,61,TR,2,48
34,62,TR,,21
34,69,TR,2,5
34,70,TR,2,46
34,71,TR,1,37
34,72,TR,1,20
34,73,TR,1,28
34,74,TR,1,40
34,75,TR,,38
34,76,TR,,19
34,77,TR,,41
34,78,TR,2,46
34,79,TR,2,33
34,80,TR,2,7
34,81,TR,,28
34,82,TR,1,35
34,83,TR,2,41
34,84,TR,,8
34,85,TR,2,33
34,86,TR,2,63
34,87,TR,1,24
34,88,TR,2,40
34,89,TR,2,46
34,90,TR,2,44
34,91,TR,2,28
34,92,TR,2,10
34,93,TR,2,40
34,94,TR,2,55
34,95,TR,2,33
34,96,TR,,7
34,97,TR,,2
34,98,TR,,6
34,99,TR,,3
34,100,TR,,15
34,110,TR,,1
34,111,TR,,10
34,112,TR,,11
34,113,TR,2,5
34,114,TR,,19
34,115,TR,2,35
34,116,TR,2,39
34,117,TR,2,40
34,118,TR,2,7
34,119,TR,,13
34,120,TR,,7
35,0,TR,,33
35,4,TR,1,
35,11,TR,,8
35,12,TR,,8
35,13,TR,,10
35,14,TR,,7
35,15,TR,,7
35,16,TR,,9
35,17,TR,,40
35,18,TR,2,52
35,19,TR,2,47
35,20,TR,2,37
35,21,TR,2,20
35,22,TR,2,63
35,23,TR,,25
35,24,TR,1,21
35,25,TR,1,28
35,26,TR,2,27
35,27,TR,2,6
35,28,TR,2,21
35,29,TR,,40
35,30,TR,,48
35,31,TR,2,20
35,32,TR,2,33
35,33,TR,2,48
35,34,TR,2,53
35,35,TR,2,50
35,36,TR,2,33
35,37,TR,2,36
35,38,TR,2,45
35,39,TR,2,52
35,40,TR,2,50
35,41,TR,2,49
35,42,TR,2,54
35,43,TR,2,32
35,44,TR,2,12
35,45,TR,,7
35,46,TR,,7
35,47,TR,,2
35,56,TR,2,22
35,57,TR,2,15
35,58,TR,2,24
35,59,TR,2,30
35,60,TR,2,16
35,61,TR,2,9
35,68,TR,,2
35,69,TR,2,21
35,70,TR,2,57
35,71,TR,1,54
35,72,TR,1,32
35,73,TR,1,41
35,74,TR,1,23
35,75,TR,1,5
35,76,TR,,13
35,77,TR,,32
35,78,TR,,33
35,79,TR,2,30
35,80,TR,1,33
35,81,TR,1,43
35,82,TR,2,36
35,83,TR,,34
35,84,TR,2,26
35,85,TR,2,45
35,86,TR,2,56
35,87,TR,1,26
35,88,TR,2,17
35,89,TR,2,12
35,90,TR,,25
35,91,TR,,4
35,92,TR,2,3
35,93,TR,2,5
35,94,TR,2,34
35,95,TR,2,52
35,96,TR,,36
35,97,TR,2,
35,98,TR,2,39
35,99,TR,,26
35,100,TR,,2
35,109,TR,,3
35,110,TR,,2
35,111,TR,,3
35,114,TR,2,31
35,115,TR,2,53
35,116,TR,2,37
35,117,TR,2,26
35,118,TR,,3
35,119,TR,,7
35,120,TR,,5
35,127,TR,,1
36,2,TR,,3
36,11,TR,,2
36,12,TR,,15
36,13,TR,,24
36,14,TR,,2
36,15,TR,,5
36,16,TR,,33
36,17,TR,,1
36,18,TR,2,63
36,19,TR,2,55
36,20,TR,2,51
36,21,TR,2,33
36,22,TR,2,57
36,23,TR,2,56
36,24,TR,1,29
36,25,TR,2,47
36,26,TR,2,21
36,27,TR,2,26
36,28,TR,2,40
36,29,TR,,41
36,30,TR,2,19
36,31,TR,2,15
36,32,TR,2,33
36,33,TR,2,51
36,34,TR,2,51
36,35,TR,2,35
36,36,TR,2,38
36,37,TR,2,41
36,38,TR,2,56
36,39,TR,2,52
36,40,TR,2,43
36,41,TR,2,53
36,42,TR,2,53
36,43,TR,2,50
36,44,TR,2,46
36,45,TR,2,27
36,46,TR,2,19
36,47,TR,2,5
36,48,TR,,13
36,49,TR,,1
36,55,TR,,1
36,56,TR,,1
36,57,TR,,19
36,58,TR,,31
36,59,TR,,1
36,60,TR,2,22
36,61,TR,,9
36,62,TR,,1
36,64,TR,,1
36,65,TR,,2
36,66,TR,,3
36,67,TR,,10
36,68,TR,2,21
36,69,TR,1,21
36,70,TR,1,53
36,71,TR,1,47
36,72,TR,1,27
36,73,TR,2,26
36,74,TR,1,47
36,75,TR,1,31
36,76,TR,,30
36,77,TR,,16
36,78,TR,,27
36,79,TR,,22
36,80,TR,2,54
36,81,TR,1,49
36,82,TR,2,41
36,83,TR,,31
36,84,TR,,12
36,85,TR,2,42
36,86,TR,2,57
36,87,TR,2,52
36,88,TR,2,28
36,89,TR,,25
36,90,TR,,27
36,92,TR,2,26
36,93,TR,2,26
36,94,TR,2,55
36,95,TR,2,58
36,96,TR,2,35
36,97,TR,2,24
36,98,TR,2,13
36,99,TR,,8
36,100,TR,,3
36,101,TR,,1
36,107,TR,,3
36,108,TR,,2
36,109,TR,2,13
36,110,TR,,6
36,112,TR,,1
36,113,TR,2,5
36,114,TR,2,56
36,115,TR,2,28
36,116,TR,2,5
36,117,TR,1,3
36,118,TR,,2
36,127,TR,,1
37,2,TR,,15
37,3,TR,,1
37,4,TR,,6
37,11,TR,,21
37,12,TR,,25
37,15,TR,,10
37,16,TR,,25
37,17,TR,,15
37,18,TR,2,37
37,19,TR,2,49
37,20,TR,1,50
37,21,TR,1,54
37,22,TR,2,59
37,23,TR,2,64
37,24,TR,1,53
37,25,TR,2,26
37,26,TR,2,43
37,27,TR,2,51
37,28,TR,2,30
37,29,TR,,12
37,30,TR,2,18
37,31,TR,2,14
37,32,TR,2,25
37,33,TR,2,16
37,34,TR,2,47
37,35,TR,1,34
37,36,TR,2,19
37,37,TR,2,51
37,38,TR,2,55
37,39,TR,2,39
37,40,TR,2,30
37,41,TR,2,33
37,42,TR,2,37
37,43,TR,2,32
37,44,TR,2,56
37,45,TR,2,20
37,46,TR,2,22
37,47,TR,2,18
37,48,TR,2,17
37,49,TR,2,7
37,50,TR,,9
37,51,TR,,6
37,53,TR,,5
37,54,TR,2,4
37,55,TR,2,6
37,56,TR,2,
37,57,TR,,20
37,58,TR,2,13
37,59,TR,2,11
37,60,TR,2,13
37,61,TR,2,14
37,62,TR,2,13
37,63,TR,2,6
37,64,TR,2,12
37,65,TR,2,18
37,66,TR,2,17
37,67,TR,,14
37,68,TR,2,17
37,69,TR,,9
37,70,TR,2,20
37,71,TR,2,39
37,72,TR,1,50
37,73,TR,2,19
37,74,TR,2,35
37,75,TR,,59
37,76,TR,2,38
37,77,TR,1,51
37,78,TR,,44
37,79,TR,,10
37,80,TR,,34
37,81,TR,2,34
37,82,TR,2,17
37,83,TR,,11
37,84,TR,,6
37,85,TR,1,26
37,86,TR,2,52
37,87,TR,2,49
37,88,TR,2,46
37,89,TR,2,19
37,90,TR,,6
37,91,TR,,3
37,92,TR,2,26
37,93,TR,2,59
37,94,TR,2,48
37,95,TR,2,31
37,96,TR,2,36
37,97,TR,2,35
37,98,TR,,40
37,99,TR,2,11
37,100,TR,2,7
37,101,TR,,2
37,105,TR,,1
37,107,TR,,2
37,108,TR,2,3
37,109,TR,2,13
37,110,TR,,11
37,111,TR,,4
37,112,TR,,13
37,113,TR,2,50
37,114,TR,2,49
37,115,TR,2,37
37,116,TR,2,15
37,117,TR,1,19
37,118,TR,,5
38,1,TR,,12
38,4,TR,,2
38,5,TR,,25
38,7,TR,,5
38,8,TR,,14
38,9,TR,,1
38,11,TR,,4
38,12,TR,,46
38,13,TR,,21
38,14,TR,,3
38,15,TR,,7
38,16,TR,,15
38,17,TR,,40
38,18,TR,2,23
38,19,TR,2,38
38,20,TR,1,21
38,21,TR,1,35
38,22,TR,2,66
38,23,TR,2,64
38,24,TR,2,57
38,25,TR,2,53
38,26,TR,2,52
38,27,TR,2,63
38,28,TR,2,19
38,29,TR,,15
38,30,TR,,15
38,31,TR,2,
38,32,TR,2,9
38,33,TR,2,43
38,34,TR,2,41
38,35,TR,2,50
38,36,TR,2,30
38,37,TR,2,40
38,38,TR,2,64
38,39,TR,2,17
38,40,TR,2,21
38,41,TR,2,29
38,42,TR,2,41
38,43,TR,2,36
38,44,TR,2,56
38,45,TR,2,31
38,46,TR,2,23
38,47,TR,2,18
38,48,TR,2,15
38,49,TR,2,14
38,50,TR,2,16
38,51,TR,,10
38,53,TR,2,7
38,54,TR,2,17
38,55,TR,,3
38,57,TR,,21
38,58,TR,2,48
38,59,TR,2,28
38,60,TR,2,26
38,61,TR,2,23
38,62,TR,2,15
38,63,TR,2,22
38,64,TR,2,30
38,65,TR,2,14
38,66,TR,,23
38,67,TR,2,12
38,68,TR,,23
38,69,TR,2,21
38,70,TR,2,16
38,71,TR,2,22
38,72,TR,1,55
38,73,TR,,38
38,74,TR,,50
38,75,TR,,53
38,76,TR,2,44
38,77,TR,2,61
38,78,TR,1,46
38,79,TR,2,30
38,80,TR,2,38
38,81,TR,2,27
38,82,TR,2,31
38,83,TR,,28
38,84,TR,,11
38,85,TR,2,26
38,86,TR,,21
38,87,TR,2,21
38,88,TR,,7
38,89,TR,,1
38,91,TR,,12
38,92,TR,2,35
38,93,TR,2,44
38,94,TR,2,57
38,95,TR,2,49
38,96,TR,,53
38,97,TR,2,46
38,98,TR,,21
38,99,TR,2,3
38,100,TR,2,8
38,101,TR,2,7
38,102,TR,,3
38,104,TR,,2
38,105,TR,,13
38,106,TR,,10
38,107,TR,2,2
38,108,TR,2,5
38,109,TR,,1
38,110,TR,,2
38,111,TR,2,25
38,112,TR,2,50
38,113,TR,2,48
38,114,TR,2,31
38,115,TR,2,27
38,116,TR,2,38
38,117,TR,,12
39,3,TR,,2
39,4,TR,,19
39,5,TR,1,44
39,6,TR,,10
39,7,TR,,11
39,9,TR,,12
39,12,TR,,9
39,15,TR,2,29
39,16,TR,2,62
39,17,TR,2,58
39,18,TR,1,46
39,19,TR,1,31
39,20,TR,2,51
39,21,TR,2,57
39,22,TR,2,49
39,23,TR,2,45
39,24,TR,2,68
39,25,TR,2,69
39,26,TR,2,49
39,27,TR,,43
39,28,TR,2,35
39,29,TR,,18
39,30,TR,,22
39,31,TR,2,21
39,32,TR,2,18
39,33,TR,,21
39,34,TR,2,46
39,35,TR,2,34
39,36,TR,2,60
39,37,TR,2,41
39,38,TR,2,57
39,39,TR,2,14
39,40,TR,2,27
39,41,TR,2,36
39,42,TR,2,43
39,43,TR,2,34
39,44,TR,2,39
39,45,TR,2,48
39,46,TR,2,43
39,47,TR,2,28
39,48,TR,2,23
39,49,TR,2,17
39,50,TR,2,14
39,51,TR,2,2
39,52,TR,1,4
39,53,TR,2,24
39,54,TR,,14
39,55,TR,,3
39,56,TR,,3
39,57,TR,2,20
39,58,TR,2,36
39,59,TR,2,35
39,60,TR,2,33
39,61,TR,2,27
39,62,TR,2,16
39,63,TR,2,33
39,64,TR,2,38
39,65,TR,2,38
39,66,TR,,21
39,67,TR,2,32
39,68,TR,2,23
39,69,TR,,13
39,70,TR,2,19
39,71,TR,1,23
39,72,TR,,25
39,73,TR,2,49
39,74,TR,2,54
39,75,TR,1,61
39,76,TR,2,55
39,77,TR,2,44
39,78,TR,2,41
39,79,TR,2,47
39,80,TR,2,43
39,81,TR,2,40
39,82,TR,2,31
39,83,TR,2,34
39,84,TR,2,48
39,85,TR,2,53
39,86,TR,,41
39,87,TR,,3
39,91,TR,,7
39,92,TR,2,41
39,93,TR,2,62
39,94,TR,2,55
39,95,TR,2,64
39,96,TR,,50
39,97,TR,,15
39,98,TR,,1
39,99,TR,2,2
39,100,TR,2,10
39,101,TR,2,12
39,102,TR,,6
39,103,TR,2,7
39,104,TR,2,13
39,105,TR,2,8
39,106,TR,2,5
39,107,TR,2,2
39,108,TR,,9
39,109,TR,,2
39,110,TR,2,34
39,111,TR,2,44
39,112,TR,2,42
39,113,TR,2,37
39,114,TR,2,25
39,115,TR,2,31
39,116,TR,1,19
39,117,TR,,6
40,4,TR,,3
40,5,TR,,23
40,6,TR,,2
40,9,TR,,7
40,10,TR,,10
40,11,TR,,14
40,12,TR,,4
40,13,TR,,14
40,14,TR,,15
40,15,TR,2,29
40,16,TR,2,38
40,17,TR,2,62
40,18,TR,1,34
40,19,TR,2,21
40,20,TR,2,63
40,21,TR,2,42
40,22,TR,2,52
40,23,TR,2,61
40,24,TR,,45
40,25,TR,2,56
40,26,TR,2,51
40,27,TR,,57
40,28,TR,,47
40,29,TR,,9
40,30,TR,,5
40,31,TR,,25
40,32,TR,,23
40,33,TR,2,38
40,34,TR,2,57
40,35,TR,2,60
40,36,TR,2,68
40,37,TR,2,70
40,38,TR,2,59
40,39,TR,,15
40,40,TR,,7
40,41,TR,2,41
40,42,TR,2,41
40,43,TR,2,33
40,44,TR,2,43
40,45,TR,2,50
40,46,TR,2,52
40,47,TR,2,26
40,48,TR,2,29
40,49,TR,2,26
40,50,TR,2,36
40,51,TR,2,17
40,52,TR,2,12
40,53,TR,2,4
40,54,TR,2,8
40,55,TR,,5
40,56,TR,,8
40,57,TR,2,13
40,58,TR,2,24
40,59,TR,1,21
40,60,TR,2,53
40,61,TR,2,47
40,62,TR,2,46
40,63,TR,2,35
40,64,TR,2,33
40,65,TR,1,11
40,66,TR,2,30
40,67,TR,2,26
40,68,TR,2,14
40,69,TR,,15
40,70,TR,,16
40,71,TR,2,4
40,72,TR,2,11
40,73,TR,2,51
40,74,TR,2,43
40,75,TR,2,29
40,76,TR,1,27
40,77,TR,2,26
40,78,TR,2,24
40,79,TR,2,19
40,80,TR,2,21
40,81,TR,2,39
40,82,TR,2,43
40,83,TR,2,55
40,84,TR,2,57
40,85,TR,2,43
40,86,TR,,12
40,87,TR,,1
40,92,TR,2,8
40,93,TR,2,50
40,94,TR,2,60
40,95,TR,2,61
40,96,TR,,16
40,97,TR,,8
40,100,TR,2,1
40,101,TR,2,2
40,102,TR,2,3
40,103,TR,2,9
40,104,TR,2,22
40,105,TR,2,12
40,106,TR,2,9
40,107,TR,2,11
40,109,TR,,14
40,110,TR,2,59
40,111,TR,2,45
40,112,TR,2,37
40,113,TR,2,31
40,114,TR,2,22
40,115,TR,1,24
40,116,TR,,22
40,125,TR,,5
40,126,TR,,4
40,127,TR,,4
41,0,TR,,3
41,1,TR,,4
41,3,TR,,1
41,4,TR,,13
41,9,TR,,7
41,10,TR,,13
41,11,TR,,19
41,12,TR,,6
41,13,TR,,4
41,14,TR,,40
41,15,TR,2,59
41,16,TR,2,68
41,17,TR,2,34
41,18,TR,1,18
41,19,TR,2,67
41,20,TR,2,74
41,21,TR,2,46
41,22,TR,2,31
41,23,TR,2,52
41,24,TR,2,39
41,25,TR,2,60
41,26,TR,2,57
41,27,TR,,14
41,28,TR,,15
41,30,TR,,3
41,31,TR,,16
41,32,TR,2,23
41,33,TR,2,39
41,34,TR,2,54
41,35,TR,2,56
41,36,TR,2,69
41,37,TR,2,69
41,38,TR,2,64
41,39,TR,,24
41,40,TR,2,10
41,41,TR,2,40
41,42,TR,2,29
41,43,TR,2,31
41,44,TR,2,46
41,45,TR,2,62
41,46,TR,2,56
41,47,TR,2,26
41,48,TR,2,34
41,49,TR,2,40
41,50,TR,2,31
41,51,TR,2,15
41,52,TR,,5
41,54,TR,,4
41,55,TR,2,18
41,56,TR,2,19
41,57,TR,2,14
41,58,TR,2,20
41,59,TR,2,13
41,60,TR,2,35
41,61,TR,2,38
41,62,TR,2,47
41,63,TR,2,31
41,64,TR,2,37
41,65,TR,,18
41,66,TR,2,23
41,67,TR,2,14
41,68,TR,2,12
41,69,TR,,7
41,70,TR,,16
41,71,TR,,8
41,72,TR,2,29
41,73,TR,2,52
41,74,TR,2,37
41,75,TR,2,32
41,76,TR,2,39
41,77,TR,2,25
41,78,TR,1,32
41,79,TR,2,32
41,80,TR,2,24
41,81,TR,2,22
41,82,TR,2,30
41,83,TR,2,40
41,84,TR,,16
41,91,TR,,5
41,92,TR,,3
41,93,TR,,26
41,94,TR,2,57
41,95,TR,2,60
41,96,TR,2,47
41,97,TR,,20
41,98,TR,,1
41,100,TR,2,
41,101,TR,2,4
41,102,TR,2,11
41,103,TR,2,10
41,104,TR,2,25
41,105,TR,2,12
41,106,TR,,6
41,108,TR,,4
41,109,TR,2,37
41,110,TR,2,57
41,111,TR,2,43
41,112,TR,2,32
41,113,TR,2,17
41,114,TR,,6
41,126,TR,,4
41,127,TR,,8
42,0,TR,,1
42,2,TR,,27
42,3,TR,,1
42,4,TR,,6
42,6,TR,,6
42,7,TR,,2
42,8,TR,,11
42,9,TR,,1
42,10,TR,,14
42,12,TR,,13
42,13,TR,,15
42,14,TR,,33
42,15,TR,2,20
42,16,TR,2,21
42,17,TR,,12
42,18,TR,2,57
42,19,TR,2,49
42,20,TR,2,65
42,21,TR,2,67
42,22,TR,2,48
42,23,TR,2,24
42,24,TR,2,42
42,25,TR,2,62
42,26,TR,2,65
42,27,TR,2,
42,28,TR,,2
42,29,TR,,10
42,30,TR,2,20
42,31,TR,2,35
42,32,TR,2,57
42,33,TR,2,73
42,34,TR,2,71
42,35,TR,2,70
42,36,TR,2,64
42,37,TR,2,59
42,38,TR,2,48
42,39,TR,,22
42,40,TR,,33
42,41,TR,2,47
42,42,TR,2,31
42,43,TR,2,46
42,44,TR,2,17
42,45,TR,2,32
42,46,TR,2,56
42,47,TR,2,39
42,48,TR,2,39
42,49,TR,2,14
42,50,TR,2,24
42,51,TR,2,25
42,52,TR,2,10
42,53,TR,2,8
42,54,TR,1,13
42,55,TR,2,8
42,56,TR,2,13
42,57,TR,2,15
42,58,TR,2,11
42,59,TR,2,32
42,60,TR,2,41
42,61,TR,2,36
42,62,TR,2,11
42,63,TR,2,10
42,64,TR,2,49
42,65,TR,,17
42,66,TR,2,36
42,67,TR,2,19
42,68,TR,2,22
42,69,TR,2,28
42,70,TR,2,24
42,71,TR,2,19
42,72,TR,2,26
42,73,TR,2,40
42,74,TR,2,30
42,75,TR,2,47
42,76,TR,2,31
42,77,TR,2,33
42,78,TR,2,35
42,79,TR,2,18
42,80,TR,2,1
42,81,TR,,10
42,82,TR,,1
42,83,TR,,2
42,84,TR,,12
42,93,TR,,6
42,94,TR,2,56
42,95,TR,2,63
42,96,TR,2,60
42,97,TR,,21
42,98,TR,,3
42,99,TR,,2
42,100,TR,,12
42,101,TR,2,41
42,102,TR,2,35
42,103,TR,2,21
42,104,TR,2,23
42,105,TR,2,30
42,106,TR,,21
42,107,TR,,4
42,108,TR,,2
42,109,TR,2,40
42,110,TR,2,38
42,111,TR,2,16
42,112,TR,2,19
42,113,TR,2,6
42,126,TR,,20
42,127,TR,,13
43,0,TR,,1
43,1,TR,,9
43,2,TR,,22
43,4,TR,,5
43,5,TR,,3
43,6,TR,,14
43,7,TR,,13
43,8,TR,,9
43,9,TR,,2
43,10,TR,,13
43,11,TR,,3
43,12,TR,,6
43,13,TR,,31
43,14,TR,,8
43,16,TR,,5
43,17,TR,,9
43,18,TR,2,66
43,19,TR,2,41
43,20,TR,2,60
43,21,TR,2,59
43,22,TR,2,42
43,23,TR,2,10
43,24,TR,2,39
43,25,TR,2,63
43,26,TR,2,40
43,27,TR,,1
43,28,TR,,19
43,29,TR,2,20
43,30,TR,2,57
43,31,TR,2,67
43,32,TR,2,72
43,33,TR,2,75
43,34,TR,2,68
43,35,TR,1,67
43,36,TR,2,68
43,37,TR,2,58
43,38,TR,2,43
43,39,TR,2,49
43,40,TR,2,50
43,41,TR,2,40
43,42,TR,2,23
43,43,TR,2,33
43,44,TR,2,52
43,45,TR,2,66
43,46,TR,2,61
43,47,TR,2,46
43,48,TR,2,33
43,49,TR,2,3
43,50,TR,2,2
43,51,TR,2,9
43,52,TR,2,22
43,53,TR,2,27
43,54,TR,2,22
43,55,TR,2,25
43,56,TR,2,11
43,57,TR,,24
43,58,TR,2,10
43,59,TR,2,25
43,60,TR,2,30
43,61,TR,2,31
43,62,TR,2,18
43,63,TR,2,19
43,64,TR,2,44
43,65,TR,2,26
43,66,TR,2,51
43,67,TR,2,52
43,68,TR,2,40
43,69,TR,2,31
43,70,TR,2,19
43,71,TR,2,22
43,72,TR,1,22
43,73,TR,2,34
43,74,TR,2,51
43,75,TR,2,34
43,76,TR,2,38
43,77,TR,2,52
43,78,TR,2,23
43,79,TR,2,15
43,80,TR,2,8
43,81,TR,2,38
43,82,TR,,22
43,83,TR,,9
43,92,TR,,1
43,93,TR,2,7
43,94,TR,2,68
43,95,TR,2,66
43,96,TR,2,53
43,97,TR,2,18
43,98,TR,,3
43,99,TR,2,28
43,100,TR,,44
43,101,TR,2,44
43,102,TR,2,48
43,103,TR,2,35
43,104,TR,2,36
43,105,TR,2,54
43,106,TR,2,36
43,107,TR,2,39
43,108,TR,2,38
43,109,TR,2,57
43,110,TR,2,37
43,111,TR,,31
43,112,TR,,8
43,126,TR,,3
43,127,TR,,6
44,1,TR,1,
44,4,TR,,7
44,5,TR,,3
44,9,TR,,15
44,10,TR,,9
44,11,TR,,45
44,12,TR,,49
44,13,TR,,33
44,14,TR,,6
44,15,TR,,20
44,16,TR,,19
44,17,TR,1,42
44,18,TR,2,29
44,19,TR,2,33
44,20,TR,2,39
44,21,TR,,49
44,22,TR,2,22
44,23,TR,2,44
44,24,TR,2,50
44,25,TR,2,73
44,26,TR,2,58
44,27,TR,2,18
44,28,TR,1,39
44,29,TR,,32
44,30,TR,2,48
44,31,TR,2,61
44,32,TR,2,68
44,33,TR,2,71
44,34,TR,1,73
44,35,TR,1,60
44,36,TR,1,63
44,37,TR,2,51
44,38,TR,2,48
44,39,TR,2,55
44,40,TR,2,47
44,41,TR,2,54
44,42,TR,2,50
44,43,TR,2,52
44,44,TR,2,55
44,45,TR,2,60
44,46,TR,2,64
44,47,TR,2,64
44,48,TR,2,49
44,50,TR,,8
44,51,TR,,10
44,52,TR,,24
44,53,TR,2,11
44,54,TR,2,22
44,55,TR,2,30
44,56,TR,,19
44,57,TR,,9
44,58,TR,2,40
44,59,TR,2,29
44,60,TR,2,27
44,61,TR,2,18
44,62,TR,2,28
44,63,TR,2,27
44,64,TR,2,39
44,65,TR,2,51
44,66,TR,2,41
44,67,TR,2,35
44,68,TR,1,23
44,69,TR,2,36
44,70,TR,2,23
44,71,TR,1,18
44,72,TR,2,31
44,73,TR,2,33
44,74,TR,2,38
44,75,TR,2,43
44,76,TR,2,45
44,77,TR,2,49
44,78,TR,2,49
44,79,TR,2,41
44,80,TR,,6
44,81,TR,,25
44,92,TR,,11
44,93,TR,,15
44,94,TR,2,47
44,95,TR,2,77
44,96,TR,2,51
44,97,TR,2,42
44,98,TR,2,29
44,99,TR,2,35
44,100,TR,2,45
44,101,TR,2,56
44,102,TR,2,30
44,103,TR,2,14
44,104,TR,2,40
44,105,TR,2,33
44,106,TR,2,44
44,107,TR,2,46
44,108,TR,2,44
44,109,TR,2,27
44,110,TR,2,38
44,111,TR,,26
44,112,TR,,2
44,126,TR,,5
44,127,TR,,11
45,4,TR,,17
45,5,TR,,9
45,8,TR,,22
45,9,TR,,11
45,10,TR,,12
45,11,TR,,16
45,12,TR,,9
45,13,TR,,10
45,14,TR,,3
45,15,TR,2,25
45,16,TR,2,37
45,17,TR,2,43
45,18,TR,2,48
45,19,TR,1,54
45,20,TR,1,58
45,21,TR,2,55
45,22,TR,,30
45,23,TR,2,54
45,24,TR,2,62
45,25,TR,2,71
45,26,TR,1,55
45,27,TR,,10
45,28,TR,1,31
45,29,TR,,28
45,30,TR,2,26
45,31,TR,2,68
45,32,TR,2,73
45,33,TR,2,29
45,34,TR,2,50
45,35,TR,1,51
45,36,TR,1,56
45,37,TR,2,58
45,38,TR,2,42
45,39,TR,2,29
45,40,TR,2,51
45,41,TR,2,50
45,42,TR,2,54
45,43,TR,2,66
45,44,TR,2,63
45,45,TR,2,59
45,46,TR,2,64
45,47,TR,2,68
45,48,TR,2,46
45,49,TR,2,13
45,50,TR,2,20
45,51,TR,,39
45,52,TR,,9
45,53,TR,,1
45,54,TR,,4
45,55,TR,,11
45,56,TR,,11
45,57,TR,2,20
45,58,TR,2,39
45,59,TR,2,58
45,60,TR,,56
45,61,TR,,14
45,62,TR,2,40
45,63,TR,2,39
45,64,TR,2,47
45,65,TR,2,47
45,66,TR,2,22
45,67,TR,2,47
45,68,TR,2,30
45,69,TR,2,27
45,70,TR,2,39
45,71,TR,2,24
45,72,TR,2,36
45,73,TR,2,40
45,74,TR,2,34
45,75,TR,,22
45,76,TR,2,19
45,77,TR,2,40
45,78,TR,2,15
45,79,TR,2,8
45,80,TR,,3
45,81,TR,,10
45,89,TR,,1
45,90,TR,,18
45,91,TR,,7
45,92,TR,,1
45,93,TR,,22
45,94,TR,2,70
45,95,TR,2,76
45,96,TR,2,51
45,97,TR,2,42
45,98,TR,2,57
45,99,TR,2,35
45,100,TR,2,37
45,101,TR,2,44
45,102,TR,2,29
45,103,TR,2,34
45,104,TR,2,28
45,105,TR,2,30
45,106,TR,2,39
45,107,TR,2,41
45,108,TR,2,37
45,109,TR,2,23
45,110,TR,2,31
45,111,TR,,8
45,127,TR,,4
46,1,TR,,19
46,2,TR,,1
46,9,TR,,5
46,10,TR,,25
46,11,TR,,37
46,12,TR,,7
46,13,TR,,14
46,14,TR,,16
46,15,TR,2,28
46,16,TR,2,44
46,17,TR,2,57
46,18,TR,2,37
46,19,TR,1,42
46,20,TR,1,59
46,21,TR,,32
46,22,TR,,19
46,23,TR,2,49
46,24,TR,2,55
46,25,TR,2,68
46,26,TR,1,58
46,27,TR,1,30
46,28,TR,1,50
46,29,TR,1,45
46,30,TR,,27
46,31,TR,2,62
46,32,TR,2,28
46,34,TR,2,28
46,35,TR,2,52
46,36,TR,2,20
46,37,TR,2,30
46,38,TR,2,58
46,39,TR,2,59
46,40,TR,2,64
46,41,TR,2,49
46,42,TR,2,60
46,43,TR,2,68
46,44,TR,2,69
46,45,TR,2,51
46,46,TR,2,60
46,47,TR,2,65
46,48,TR,2,62
46,49,TR,2,54
46,50,TR,2,42
46,51,TR,,47
46,52,TR,2,25
46,53,TR,2,5
46,54,TR,,13
46,55,TR,,24
46,56,TR,2,47
46,57,TR,2,57
46,58,TR,2,49
46,59,TR,2,65
46,60,TR,2,56
46,61,TR,,36
46,62,TR,2,46
46,63,TR,2,49
46,64,TR,2,16
46,65,TR,2,41
46,66,TR,,28
46,67,TR,2,34
46,68,TR,,36
46,69,TR,,20
46,70,TR,2,15
46,71,TR,,15
46,72,TR,2,36
46,73,TR,1,38
46,74,TR,,4
46,75,TR,,21
46,76,TR,,5
46,78,TR,2,8
46,79,TR,2,5
46,80,TR,2,2
46,81,TR,,2
46,86,TR,,15
46,87,TR,,4
46,89,TR,,32
46,90,TR,2,60
46,91,TR,2,54
46,92,TR,,33
46,93,TR,2,34
46,94,TR,2,75
46,95,TR,2,65
46,96,TR,2,60
46,97,TR,2,56
46,98,TR,2,59
46,99,TR,2,70
46,100,TR,2,51
46,101,TR,2,48
46,102,TR,2,58
46,103,TR,2,49
46,104,TR,2,43
46,105,TR,2,19
46,106,TR,2,32
46,107,TR,2,36
46,108,TR,2,19
46,109,TR,2,29
46,110,TR,,4
46,126,TR,,10
46,127,TR,,32
47,0,TR,,1
47,1,TR,,5
47,2,TR,,12
47,3,TR,,3
47,6,TR,,1
47,9,TR,,20
47,10,TR,,14
47,11,TR,,9
47,12,TR,,4
47,14,TR,,9
47,15,TR,2,42
47,16,TR,2,48
47,17,TR,2,45
47,18,TR,2,25
47,19,TR,1,36
47,20,TR,2,33
47,21,TR,,7
47,22,TR,,30
47,23,TR,2,56
47,24,TR,2,58
47,25,TR,1,51
47,26,TR,1,52
47,27,TR,1,19
47,28,TR,,41
47,29,TR,1,28
47,30,TR,2,33
47,31,TR,2,59
47,32,TR,,5
47,34,TR,2,25
47,35,TR,2,30
47,36,TR,2,43
47,37,TR,2,55
47,38,TR,2,44
47,39,TR,2,65
47,40,TR,2,66
47,41,TR,2,61
47,42,TR,2,55
47,43,TR,2,69
47,44,TR,2,74
47,45,TR,2,67
47,46,TR,2,74
47,47,TR,2,73
47,48,TR,2,63
47,49,TR,2,52
47,50,TR,2,32
47,51,TR,2,17
47,52,TR,2,31
47,53,TR,2,16
47,54,TR,2,46
47,55,TR,2,53
47,56,TR,2,58
47,57,TR,2,32
47,58,TR,2,29
47,59,TR,2,48
47,60,TR,2,46
47,61,TR,2,47
47,62,TR,2,56
47,63,TR,2,47
47,64,TR,2,40
47,65,TR,2,34
47,66,TR,2,36
47,67,TR,2,28
47,68,TR,,30
47,69,TR,,8
47,70,TR,,12
47,71,TR,,11
47,72,TR,2,29
47,73,TR,2,26
47,74,TR,2,22
47,75,TR,2,12
47,76,TR,,24
47,77,TR,,13
47,78,TR,2,30
47,79,TR,2,26
47,80,TR,2,19
47,81,TR,,30
47,82,TR,,6
47,85,TR,,11
47,86,TR,2,20
47,87,TR,2,55
47,88,TR,2,56
47,89,TR,2,67
47,90,TR,2,50
47,91,TR,2,40
47,92,TR,2,65
47,93,TR,2,49
47,94,TR,2,55
47,95,TR,2,29
47,96,TR,2,38
47,97,TR,2,70
47,98,TR,2,69
47,99,TR,2,61
47,100,TR,2,50
47,101,TR,2,36
47,102,TR,2,28
47,103,TR,2,33
47,104,TR,2,41
47,105,TR,2,36
47,106,TR,2,30
47,107,TR,2,28
47,108,TR,2,25
47,109,TR,2,25
47,110,TR,,9
47,125,TR,,3
47,126,TR,,8
47,127,TR,,39
48,0,TR,,7
48,1,TR,,11
48,3,TR,,5
48,5,TR,,1
48,6,TR,,20
48,7,TR,,5
48,9,TR,,13
48,10,TR,,14
48,14,TR,,9
48,15,TR,2,36
48,16,TR,2,40
48,17,TR,2,17
48,18,TR,,19
48,19,TR,,28
48,20,TR,,34
48,21,TR,,23
48,22,TR,,10
48,23,TR,1,37
48,24,TR,1,58
48,25,TR,1,46
48,26,TR,1,41
48,27,TR,1,8
48,28,TR,2,24
48,29,TR,,19
48,30,TR,2,34
48,31,TR,2,24
48,32,TR,,2
48,33,TR,1,25
48,34,TR,1,41
48,35,TR,2,33
48,36,TR,2,51
48,37,TR,2,50
48,38,TR,2,38
48,39,TR,2,38
48,40,TR,2,60
48,41,TR,2,59
48,42,TR,2,29
48,43,TR,2,63
48,44,TR,2,63
48,45,TR,2,67
48,46,TR,2,69
48,47,TR,2,71
48,48,TR,2,53
48,49,TR,,44
48,50,TR,,18
48,51,TR,2,22
48,52,TR,2,31
48,53,TR,2,29
48,54,TR,2,42
48,55,TR,2,60
48,56,TR,2,58
48,57,TR,2,44
48,58,TR,,25
48,59,TR,2,31
48,60,TR,2,32
48,61,TR,2,39
48,62,TR,2,35
48,63,TR,2,30
48,64,TR,2,43
48,65,TR,2,42
48,66,TR,1,52
48,67,TR,1,46
48,68,TR,,36
48,69,TR,,18
48,70,TR,2,18
48,71,TR,2,29
48,72,TR,2,19
48,73,TR,2,20
48,74,TR,2,35
48,75,TR,2,34
48,76,TR,2,19
48,77,TR,,37
48,78,TR,2,54
48,79,TR,2,29
48,80,TR,2,23
48,81,TR,,20
48,82,TR,,7
48,83,TR,,2
48,84,TR,,37
48,85,TR,2,55
48,86,TR,2,72
48,87,TR,2,74
48,88,TR,2,61
48,89,TR,2,67
48,90,TR,2,50
48,91,TR,2,44
48,92,TR,2,68
48,93,TR,,29
48,94,TR,,11
48,95,TR,2,20
48,96,TR,2,32
48,97,TR,2,64
48,98,TR,2,50
48,99,TR,2,36
48,100,TR,2,23
48,101,TR,2,39
48,102,TR,2,34
48,103,TR,2,35
48,104,TR,2,41
48,105,TR,2,29
48,106,TR,2,25
48,107,TR,2,33
48,108,TR,,18
48,109,TR,,14
48,125,TR,,19
48,126,TR,,10
48,127,TR,,25
49,0,TR,,16
49,1,TR,,8
49,2,TR,,32
49,3,TR,,7
49,6,TR,,1
49,8,TR,,19
49,9,TR,,2
49,10,TR,,2
49,11,TR,,15
49,12,TR,,25
49,13,TR,,39
49,14,TR,,26
49,15,TR,2,20
49,16,TR,2,14
49,17,TR,2,28
49,18,TR,2,36
49,19,TR,,12
49,20,TR,,2
49,21,TR,,3
49,22,TR,,26
49,23,TR,2,49
49,24,TR,1,61
49,25,TR,1,47
49,26,TR,2,51
49,27,TR,2,38
49,28,TR,2,12
49,29,TR,2,41
49,30,TR,2,20
49,31,TR,,9
49,32,TR,,13
49,33,TR,2,48
49,34,TR,2,39
49,35,TR,2,48
49,36,TR,2,75
49,37,TR,2,54
49,38,TR,2,40
49,39,TR,2,30
49,40,TR,2,61
49,41,TR,2,56
49,42,TR,2,46
49,43,TR,2,50
49,44,TR,2,52
49,45,TR,2,51
49,46,TR,2,53
49,47,TR,2,57
49,48,TR,2,54
49,49,TR,2,61
49,50,TR,2,39
49,51,TR,2,44
49,52,TR,2,53
49,53,TR,2,21
49,54,TR,2,42
49,55,TR,2,55
49,56,TR,2,39
49,57,TR,2,48
49,58,TR,2,52
49,59,TR,2,59
49,60,TR,2,47
49,61,TR,2,52
49,62,TR,2,37
49,63,TR,2,23
49,64,TR,2,36
49,65,TR,2,29
49,66,TR,2,16
49,67,TR,2,45
49,68,TR,,20
49,69,TR,2,8
49,70,TR,1,22
49,71,TR,2,28
49,72,TR,2,25
49,73,TR,1,19
49,74,TR,2,37
49,75,TR,2,19
49,76,TR,,1
49,77,TR,2,3
49,78,TR,2,13
49,79,TR,,1
49,80,TR,,10
49,81,TR,,1
49,82,TR,2,34
49,83,TR,2,49
49,84,TR,2,68
49,85,TR,2,36
49,86,TR,2,63
49,87,TR,2,65
49,88,TR,2,59
49,89,TR,2,63
49,90,TR,2,53
49,91,TR,2,61
49,92,TR,2,32
49,93,TR,2,19
49,94,TR,2,47
49,95,TR,2,23
49,96,TR,2,49
49,97,TR,1,13
49,98,TR,1,15
49,99,TR,1,22
49,100,TR,1,29
49,101,TR,1,39
49,102,TR,2,17
49,103,TR,2,33
49,104,TR,2,22
49,105,TR,2,23
49,106,TR,2,22
49,107,TR,,18
49,108,TR,,1
49,125,TR,1,6
49,126,TR,,20
49,127,TR,,8
50,0,TR,,22
50,1,TR,1,33
50,2,TR,1,38
50,3,TR,1,19
50,4,TR,,2
50,5,TR,,2
50,8,TR,,1
50,9,TR,,1
50,11,TR,,18
50,12,TR,1,19
50,13,TR,,15
50,14,TR,,7
50,15,TR,,30
50,16,TR,2,44
50,17,TR,2,52
50,18,TR,2,5
50,19,TR,,3
50,21,TR,2,15
50,22,TR,1,35
50,23,TR,1,61
50,24,TR,1,58
50,25,TR,2,54
50,26,TR,2,63
50,27,TR,2,52
50,28,TR,2,35
50,29,TR,2,51
50,30,TR,2,37
50,31,TR,2,1
50,32,TR,2,56
50,33,TR,2,62
50,34,TR,2,50
50,35,TR,2,46
50,36,TR,2,56
50,37,TR,2,52
50,38,TR,2,35
50,39,TR,2,59
50,40,TR,2,72
50,41,TR,2,20
50,42,TR,2,43
50,43,TR,2,37
50,44,TR,2,43
50,45,TR,2,68
50,46,TR,2,63
50,47,TR,2,58
50,48,TR,2,65
50,49,TR,2,57
50,50,TR,2,25
50,51,TR,2,28
50,52,TR,2,37
50,53,TR,2,5
50,54,TR,2,25
50,55,TR,2,50
50,56,TR,2,42
50,57,TR,2,44
50,58,TR,2,59
50,59,TR,2,54
50,60,TR,2,47
50,61,TR,1,37
50,62,TR,,7
50,63,TR,,11
50,64,TR,,10
50,65,TR,,6
50,66,TR,,2
50,67,TR,,12
50,68,TR,1,25
50,69,TR,,4
50,71,TR,,1
50,72,TR,2,11
50,73,TR,2,5
50,80,TR,,4
50,81,TR,,34
50,82,TR,2,60
50,83,TR,2,65
50,84,TR,2,55
50,85,TR,2,49
50,86,TR,2,57
50,87,TR,2,52
50,88,TR,2,70
50,89,TR,2,53
50,90,TR,2,54
50,91,TR,2,64
50,92,TR,2,60
50,93,TR,,21
50,94,TR,2,14
50,95,TR,2,3
50,96,TR,,47
50,97,TR,,39
50,98,TR,1,9
50,99,TR,1,21
50,100,TR,1,26
50,101,TR,2,29
50,102,TR,2,27
50,103,TR,,10
50,105,TR,,8
50,106,TR,,10
50,124,TR,,10
50,125,TR,,6
50,126,TR,,8
50,127,TR,,26
51,1,TR,1,21
51,2,TR,1,30
51,3,TR,1,18
51,4,TR,1,50
51,5,TR,1,36
51,6,TR,,5
51,7,TR,,12
51,8,TR,,29
51,9,TR,,15
51,10,TR,,1
51,11,TR,,34
51,12,TR,,16
51,13,TR,,5
51,14,TR,,28
51,15,TR,,33
51,16,TR,,30
51,17,TR,,38
51,18,TR,,1
51,20,TR,,7
51,21,TR,,15
51,22,TR,2,42
51,23,TR,1,59
51,24,TR,2,61
51,25,TR,2,46
51,26,TR,2,50
51,27,TR,2,33
51,28,TR,2,46
51,29,TR,2,51
51,30,TR,2,51
51,31,TR,2,26
51,32,TR,2,43
51,33,TR,1,43
51,34,TR,2,45
51,35,TR,1,36
51,36,TR,1,40
51,37,TR,2,31
51,38,TR,2,41
51,39,TR,2,55
51,40,TR,2,38
51,41,TR,2,26
51,42,TR,2,35
51,43,TR,,9
51,44,TR,,45
51,45,TR,2,61
51,46,TR,2,44
51,47,TR,2,33
51,48,TR,,36
51,49,TR,,41
51,50,TR,2,38
51,51,TR,2,30
51,52,TR,2,31
51,53,TR,2,31
51,54,TR,2,64
51,55,TR,2,67
51,56,TR,2,59
51,57,TR,2,39
51,58,TR,2,60
51,59,TR,2,46
51,60,TR,2,33
51,61,TR,1,19
51,68,TR,1,14
51,69,TR,,25
51,70,TR,,22
51,71,TR,2,51
51,72,TR,2,66
51,73,TR,2,27
51,74,TR,,11
51,78,TR,,10
51,79,TR,,13
51,80,TR,,41
51,81,TR,2,51
51,82,TR,2,27
51,83,TR,2,54
51,84,TR,2,43
51,85,TR,2,41
51,86,TR,2,56
51,87,TR,2,63
51,88,TR,2,65
51,89,TR,2,30
51,90,TR,2,58
51,91,TR,2,60
51,92,TR,2,46
51,93,TR,,26
51,94,TR,2,5
51,95,TR,,29
51,96,TR,1,6
51,97,TR,1,14
51,98,TR,,7
51,99,TR,1,10
51,100,TR,,27
51,101,TR,,18
51,102,TR,,10
51,123,TR,,43
51,124,TR,,21
51,125,TR,,35
51,126,TR,,16
52,1,TR,,5
52,2,TR,,14
52,3,TR,1,13
52,4,TR,,14
52,5,TR,,7
52,6,TR,,53
52,7,TR,,50
52,8,TR,,24
52,9,TR,,19
52,10,TR,,14
52,11,TR,1,19
52,12,TR,1,41
52,13,TR,,26
52,14,TR,,19
52,15,TR,,7
52,16,TR,,21
52,17,TR,,10
52,20,TR,,7
52,21,TR,2,11
52,22,TR,,52
52,23,TR,2,53
52,24,TR,2,31
52,25,TR,2,50
52,26,TR,2,44
52,27,TR,2,39
52,28,TR,2,43
52,29,TR,2,46
52,30,TR,2,44
52,31,TR,2,51
52,32,TR,2,46
52,33,TR,2,60
52,34,TR,1,54
52,35,TR,1,46
52,36,TR,1,58
52,37,TR,2,45
52,38,TR,2,51
52,39,TR,2,49
52,40,TR,2,45
52,41,TR,2,51
52,42,TR,2,46
52,43,TR,2,56
52,44,TR,2,44
52,45,TR,2,45
52,46,TR,2,36
52,47,TR,2,34
52,48,TR,2,37
52,49,TR,,18
52,50,TR,2,43
52,51,TR,2,18
52,52,TR,,34
52,53,TR,2,26
52,54,TR,2,43
52,55,TR,2,45
52,56,TR,2,59
52,57,TR,2,43
52,58,TR,2,55
52,59,TR,2,20
52,60,TR,2,15
52,61,TR,,5
52,67,TR,2,3
52,68,TR,2,27
52,69,TR,2,55
52,70,TR,2,53
52,71,TR,2,27
52,72,TR,2,50
52,73,TR,2,12
52,74,TR,2,14
52,75,TR,2,33
52,76,TR,,18
52,77,TR,,13
52,78,TR,,12
52,79,TR,2,11
52,80,TR,,21
52,81,TR,2,16
52,82,TR,2,2
52,83,TR,2,41
52,84,TR,2,18
52,85,TR,2,47
52,86,TR,2,65
52,87,TR,2,56
52,88,TR,2,51
52,89,TR,2,43
52,90,TR,2,45
52,91,TR,2,25
52,92,TR,2,34
52,93,TR,2,21
52,94,TR,2,14
52,95,TR,,2
52,96,TR,,5
52,97,TR,1,
52,98,TR,1,27
52,99,TR,,6
52,100,TR,,2
52,101,TR,,1
52,124,TR,,6
52,125,TR,,23
52,126,TR,,5
53,1,TR,1,34
53,2,TR,,1
53,3,TR,,25
53,4,TR,,13
53,5,TR,,20
53,6,TR,1,17
53,7,TR,1,1
53,8,TR,,2
53,9,TR,,22
53,10,TR,1,18
53,11,TR,1,47
53,12,TR,2,44
53,15,TR,1,13
53,16,TR,1,15
53,17,TR,,19
53,18,TR,,6
53,19,TR,,8
53,20,TR,2,22
53,21,TR,2,8
53,22,TR,2,35
53,23,TR,2,51
53,24,TR,2,58
53,25,TR,2,54
53,26,TR,2,45
53,27,TR,,32
53,28,TR,2,43
53,29,TR,2,42
53,30,TR,2,64
53,31,TR,2,67
53,32,TR,2,71
53,33,TR,2,78
53,34,TR,2,62
53,35,TR,2,25
53,36,TR,1,63
53,37,TR,2,59
53,38,TR,2,35
53,39,TR,2,25
53,40,TR,2,45
53,41,TR,2,46
53,42,TR,2,45
53,43,TR,2,61
53,44,TR,2,28
53,45,TR,2,8
53,46,TR,2,44
53,47,TR,2,42
53,48,TR,2,39
53,49,TR,2,35
53,50,TR,2,40
53,51,TR,2,22
53,52,TR,2,45
53,53,TR,2,26
53,54,TR,2,40
53,55,TR,2,52
53,56,TR,2,50
53,57,TR,2,37
53,58,TR,2,57
53,59,TR,,7
53,67,TR,,12
53,68,TR,2,5
53,69,TR,2,11
53,70,TR,2,18
53,71,TR,2,25
53,72,TR,2,36
53,73,TR,2,45
53,74,TR,2,41
53,75,TR,,8
53,76,TR,,2
53,77,TR,2,17
53,78,TR,,3
53,79,TR,,7
53,80,TR,,21
53,81,TR,2,24
53,82,TR,2,22
53,83,TR,2,25
53,84,TR,2,32
53,85,TR,2,50
53,86,TR,2,48
53,87,TR,2,33
53,88,TR,2,44
53,89,TR,2,28
53,90,TR,2,22
53,91,TR,2,22
53,92,TR,2,30
53,93,TR,,21
53,94,TR,2,30
53,95,TR,,3
53,96,TR,,7
53,97,TR,1,
53,98,TR,1,14
53,99,TR,1,13
53,100,TR,,20
53,101,TR,,5
53,124,TR,,10
53,125,TR,,12
54,0,TR,,26
54,1,TR,,24
54,2,TR,,10
54,3,TR,,9
54,4,TR,,10
54,5,TR,,25
54,6,TR,1,10
54,7,TR,1,
54,8,TR,,20
54,9,TR,,6
54,10,TR,2,16
54,11,TR,2,42
54,12,TR,2,42
54,13,TR,2,19
54,14,TR,2,30
54,15,TR,2,12
54,16,TR,2,21
54,17,TR,,50
54,18,TR,,3
54,19,TR,,17
54,20,TR,2,21
54,21,TR,2,22
54,22,TR,2,26
54,23,TR,2,21
54,24,TR,2,54
54,25,TR,2,60
54,26,TR,2,49
54,27,TR,2,22
54,28,TR,2,57
54,29,TR,2,37
54,30,TR,2,59
54,31,TR,2,76
54,32,TR,2,66
54,33,TR,2,65
54,34,TR,2,48
54,35,TR,2,46
54,36,TR,1,20
54,37,TR,1,50
54,38,TR,2,49
54,39,TR,2,63
54,40,TR,2,64
54,41,TR,2,40
54,42,TR,2,49
54,43,TR,2,51
54,44,TR,2,55
54,45,TR,2,51
54,46,TR,2,55
54,47,TR,2,69
54,48,TR,2,50
54,49,TR,2,60
54,50,TR,2,49
54,51,TR,2,56
54,52,TR,2,63
54,53,TR,2,52
54,54,TR,2,52
54,55,TR,2,60
54,56,TR,2,62
54,57,TR,2,51
54,58,TR,2,46
54,59,TR,,19
54,60,TR,,6
54,69,TR,,5
54,70,TR,,10
54,71,TR,,11
54,72,TR,2,34
54,73,TR,2,37
54,74,TR,2,47
54,75,TR,2,29
54,76,TR,2,26
54,77,TR,,9
54,78,TR,,4
54,79,TR,,7
54,80,TR,2,19
54,81,TR,2,37
54,82,TR,1,34
54,83,TR,2,22
54,84,TR,2,22
54,85,TR,2,28
54,86,TR,2,25
54,87,TR,2,25
54,88,TR,2,47
54,89,TR,2,36
54,90,TR,2,48
54,91,TR,2,41
54,92,TR,2,34
54,93,TR,2,30
54,94,TR,2,32
54,95,TR,1,15
54,96,TR,,3
54,97,TR,,6
54,98,TR,1,24
54,99,TR,1,52
54,100,TR,1,25
54,101,TR,,11
55,0,TR,,33
55,1,TR,,12
55,2,TR,,9
55,3,TR,,1
55,4,TR,,21
55,5,TR,,12
55,6,TR,,36
55,7,TR,,10
55,8,TR,,11
55,9,TR,2,21
55,10,TR,2,16
55,11,TR,2,40
55,12,TR,2,47
55,13,TR,2,36
55,14,TR,2,41
55,15,TR,2,35
55,16,TR,1,47
55,17,TR,,42
55,18,TR,,1
55,19,TR,,22
55,20,TR,,37
55,21,TR,2,41
55,22,TR,2,39
55,23,TR,2,38
55,24,TR,2,51
55,25,TR,1,34
55,26,TR,1,57
55,27,TR,2,39
55,28,TR,2,41
55,29,TR,1,43
55,30,TR,1,60
55,31,TR,1,41
55,32,TR,2,65
55,33,TR,2,47
55,34,TR,2,38
55,35,TR,2,48
55,36,TR,2,42
55,37,TR,1,65
55,38,TR,2,56
55,39,TR,2,66
55,40,TR,,29
55,41,TR,2,5
55,42,TR,2,25
55,43,TR,2,27
55,44,TR,2,43
55,45,TR,2,61
55,46,TR,2,44
55,47,TR,2,54
55,48,TR,2,62
55,49,TR,2,52
55,50,TR,2,52
55,51,TR,2,34
55,52,TR,2,52
55,53,TR,2,47
55,54,TR,2,53
55,55,TR,2,59
55,56,TR,2,53
55,57,TR,2,33
55,58,TR,2,19
55,70,TR,2,4
55,71,TR,,16
55,72,TR,2,24
55,73,TR,2,30
55,74,TR,2,45
55,75,TR,2,19
55,76,TR,2,29
55,77,TR,2,8
55,78,TR,2,25
55,79,TR,2,17
55,80,TR,2,26
55,81,TR,2,34
55,82,TR,1,31
55,83,TR,2,22
55,84,TR,2,26
55,85,TR,2,19
55,86,TR,1,18
55,87,TR,2,22
55,88,TR,2,37
55,89,TR,2,34
55,90,TR,2,30
55,91,TR,2,40
55,92,TR,2,29
55,93,TR,2,41
55,94,TR,2,22
55,95,TR,,17
55,97,TR,,14
55,98,TR,1,29
55,99,TR,,39
55,121,TR,,7
55,122,TR,,8
55,123,TR,,27
55,124,TR,,5
56,4,TR,1,
56,5,TR,1,13
56,6,TR,1,11
56,7,TR,,32
56,8,TR,,32
56,9,TR,1,37
56,10,TR,,39
56,11,TR,2,30
56,12,TR,2,23
56,13,TR,2,26
56,14,TR,2,35
56,15,TR,1,47
56,16,TR,,27
56,17,TR,,3
56,18,TR,,11
56,19,TR,2,38
56,20,TR,2,28
56,21,TR,2,22
56,22,TR,2,31
56,23,TR,2,60
56,24,TR,2,60
56,25,TR,1,59
56,26,TR,1,56
56,27,TR,2,43
56,28,TR,2,41
56,29,TR,2,52
56,30,TR,2,57
56,31,TR,2,55
56,32,TR,2,62
56,33,TR,2,45
56,34,TR,2,66
56,35,TR,2,62
56,36,TR,2,68
56,37,TR,2,53
56,38,TR,2,28
56,39,TR,2,17
56,40,TR,,10
56,41,TR,,1
56,42,TR,,3
56,43,TR,,8
56,44,TR,2,28
56,45,TR,2,59
56,46,TR,2,64
56,47,TR,2,50
56,48,TR,2,58
56,49,TR,1,58
56,50,TR,2,57
56,51,TR,2,35
56,52,TR,2,44
56,53,TR,2,65
56,54,TR,2,50
56,55,TR,2,44
56,56,TR,,25
56,57,TR,,4
56,64,TR,,5
56,65,TR,,5
56,66,TR,,4
56,67,TR,2,44
56,68,TR,,41
56,69,TR,,28
56,70,TR,2,10
56,71,TR,2,24
56,72,TR,2,35
56,73,TR,2,38
56,74,TR,2,37
56,75,TR,2,50
56,76,TR,2,60
56,77,TR,2,54
56,78,TR,1,51
56,79,TR,1,24
56,80,TR,1,33
56,81,TR,2,43
56,82,TR,2,30
56,83,TR,2,27
56,84,TR,2,20
56,85,TR,2,18
56,86,TR,1,21
56,87,TR,1,26
56,88,TR,1,28
56,89,TR,1,41
56,90,TR,2,39
56,91,TR,1,36
56,92,TR,1,20
56,93,TR,2,40
56,94,TR,1,44
56,95,TR,,28
56,96,TR,,3
56,121,TR,,1
56,122,TR,,1
56,123,TR,1,8
56,124,TR,,15
56,126,TR,,1
56,127,TR,,3
57,3,TR,,1
57,4,TR,1,23
57,5,TR,,42
57,6,TR,1,42
57,7,TR,,16
57,8,TR,1,29
57,9,TR,1,32
57,10,TR,2,27
57,11,TR,,32
57,12,TR,,5
57,13,TR,2,48
57,14,TR,2,28
57,15,TR,2,30
57,16,TR,,1
57,18,TR,,15
57,19,TR,2,23
57,20,TR,2,39
57,21,TR,2,42
57,22,TR,2,58
57,23,TR,2,50
57,24,TR,2,41
57,25,TR,1,66
57,26,TR,1,63
57,27,TR,,44
57,28,TR,2,58
57,29,TR,2,59
57,30,TR,2,56
57,31,TR,2,53
57,32,TR,2,60
57,33,TR,2,61
57,34,TR,2,49
57,35,TR,2,41
57,36,TR,2,44
57,37,TR,2,46
57,38,TR,,11
57,44,TR,,2
57,45,TR,2,30
57,46,TR,2,52
57,47,TR,2,55
57,48,TR,2,69
57,49,TR,2,65
57,50,TR,2,42
57,51,TR,2,46
57,52,TR,1,56
57,53,TR,2,36
57,54,TR,2,49
57,55,TR,2,17
57,56,TR,,7
57,60,TR,,9
57,61,TR,,5
57,63,TR,,4
57,64,TR,,13
57,65,TR,,14
57,66,TR,,4
57,67,TR,2,29
57,68,TR,2,33
57,69,TR,2,12
57,70,TR,,3
57,71,TR,2,12
57,72,TR,2,26
57,73,TR,1,10
57,74,TR,1,19
57,75,TR,2,38
57,76,TR,2,23
57,77,TR,1,51
57,78,TR,1,48
57,79,TR,1,47
57,80,TR,1,36
57,81,TR,1,26
57,82,TR,1,27
57,83,TR,2,20
57,84,TR,2,6
57,85,TR,1,21
57,86,TR,1,23
57,87,TR,1,19
57,88,TR,1,41
57,89,TR,2,26
57,90,TR,2,34
57,91,TR,2,29
57,92,TR,2,24
57,93,TR,2,26
57,94,TR,,13
57,123,TR,,5
57,124,TR,,3
57,125,TR,,8
57,126,TR,,24
57,127,TR,,39
58,0,TR,,5
58,3,TR,,2
58,4,TR,1,42
58,5,TR,,17
58,6,TR,,20
58,7,TR,,25
58,8,TR,,2
58,9,TR,1,12
58,10,TR,2,26
58,11,TR,1,26
58,12,TR,1,53
58,14,TR,2,38
58,15,TR,2,8
58,16,TR,,12
58,17,TR,,44
58,18,TR,1,49
58,19,TR,1,56
58,20,TR,2,55
58,21,TR,2,38
58,22,TR,2,29
58,23,TR,1,25
58,24,TR,2,28
58,25,TR,2,51
58,26,TR,2,56
58,27,TR,2,44
58,28,TR,2,42
58,29,TR,2,24
58,30,TR,2,63
58,31,TR,2,62
58,32,TR,2,43
58,33,TR,2,55
58,34,TR,2,61
58,35,TR,,41
58,36,TR,2,
58,37,TR,2,14
58,46,TR,,1
58,47,TR,2,6
58,48,TR,2,21
58,49,TR,2,42
58,50,TR,2,41
58,51,TR,,15
58,52,TR,2,30
58,53,TR,2,34
58,54,TR,,1
58,59,TR,,1
58,60,TR,2,10
58,61,TR,2,15
58,62,TR,2,23
58,63,TR,2,9
58,64,TR,,1
58,65,TR,,2
58,67,TR,2,7
58,68,TR,2,27
58,69,TR,2,18
58,70,TR,2,19
58,71,TR,2,15
58,72,TR,2,23
58,73,TR,2,23
58,74,TR,1,25
58,75,TR,1,42
58,76,TR,1,54
58,77,TR,1,58
58,78,TR,1,30
58,79,TR,1,44
58,80,TR,1,21
58,81,TR,2,25
58,82,TR,2,34
58,83,TR,,11
58,84,TR,,6
58,85,TR,,3
59,0,TR,,7
59,2,TR,,10
59,3,TR,2,30
59,4,TR,2,14
59,5,TR,,33
59,6,TR,,21
59,7,TR,,3
59,8,TR,,2
59,9,TR,1,23
59,10,TR,1,19
59,11,TR,1,9
59,12,TR,,37
59,13,TR,,2
59,14,TR,2,52
59,15,TR,,20
59,16,TR,,3
59,17,TR,2,12
59,18,TR,2,60
59,19,TR,2,53
59,20,TR,2,49
59,21,TR,2,42
59,22,TR,2,49
59,23,TR,2,50
59,24,TR,2,36
59,25,TR,2,34
59,26,TR,2,47
59,27,TR,2,57
59,28,TR,2,52
59,29,TR,2,44
59,30,TR,2,57
59,31,TR,2,70
59,32,TR,2,45
59,33,TR,2,57
59,34,TR,2,30
59,35,TR,,34
59,50,TR,,5
59,54,TR,,1
59,59,TR,,2
59,60,TR,,4
59,61,TR,2,19
59,62,TR,2,36
59,63,TR,2,15
59,64,TR,,4
59,65,TR,,3
59,66,TR,2,8
59,67,TR,2,26
59,68,TR,2,48
59,69,TR,2,46
59,70,TR,2,38
59,71,TR,2,14
59,72,TR,2,29
59,73,TR,2,25
59,74,TR,2,35
59,75,TR,1,38
59,76,TR,1,38
59,77,TR,1,54
59,78,TR,1,37
59,79,TR,1,36
59,80,TR,1,19
59,81,TR,,6
59,82,TR,,10
59,83,TR,,13
59,84,TR,,22
59,85,TR,,8
59,86,TR,,4
59,87,TR,,3
59,88,TR,,1
60,0,TR,1,41
60,1,TR,,8
60,2,TR,,13
60,3,TR,,36
60,4,TR,,5
60,5,TR,,15
60,6,TR,,20
60,7,TR,,27
60,8,TR,,11
60,9,TR,,26
60,10,TR,,9
60,11,TR,1,39
60,12,TR,,57
60,13,TR,,25
60,14,TR,,28
60,16,TR,2,46
60,17,TR,2,58
60,18,TR,2,53
60,19,TR,1,42
60,20,TR,,17
60,21,TR,2,38
60,22,TR,,6
60,23,TR,,15
60,24,TR,2,20
60,25,TR,2,58
60,26,TR,2,56
60,27,TR,2,58
60,28,TR,2,53
60,29,TR,2,39
60,30,TR,2,59
60,31,TR,2,63
60,32,TR,2,56
60,33,TR,2,62
60,34,TR,2,60
60,35,TR,2,37
60,36,TR,,21
60,37,TR,,4
60,59,TR,,8
60,60,TR,2,22
60,61,TR,2,21
60,62,TR,2,40
60,63,TR,2,29
60,64,TR,2,43
60,65,TR,,31
60,66,TR,2,14
60,67,TR,2,15
60,68,TR,2,26
60,69,TR,2,36
60,70,TR,2,31
60,71,TR,2,38
60,72,TR,2,36
60,73,TR,2,16
60,74,TR,2,28
60,75,TR,1,17
60,76,TR,1,22
60,77,TR,,16
60,78,TR,,6
60,79,TR,1,14
60,80,TR,1,9
60,82,TR,,5
60,83,TR,,4
60,84,TR,,5
60,85,TR,1,19
60,86,TR,1,54
60,87,TR,1,33
60,88,TR,,7
60,119,TR,,8
61,0,TR,,12
61,1,TR,,8
61,2,TR,,15
61,3,TR,,11
61,5,TR,,27
61,6,TR,,18
61,7,TR,,3
61,8,TR,,18
61,9,TR,,3
61,10,TR,,7
61,11,TR,1,36
61,12,TR,2,37
61,13,TR,2,21
61,14,TR,2,4
61,16,TR,2,22
61,17,TR,2,59
61,18,TR,2,30
61,19,TR,1,56
61,20,TR,1,40
61,21,TR,2,50
61,22,TR,,26
61,23,TR,2,38
61,24,TR,2,51
61,25,TR,2,48
61,26,TR,2,41
61,27,TR,2,33
61,28,TR,2,14
61,29,TR,2,42
61,30,TR,2,60
61,31,TR,2,60
61,32,TR,2,55
61,33,TR,2,62
61,34,TR,2,60
61,35,TR,2,52
61,36,TR,2,42
61,37,TR,2,30
61,38,TR,,32
61,39,TR,,10
61,46,TR,,2
61,47,TR,,3
61,54,TR,,6
61,55,TR,,20
61,56,TR,,23
61,57,TR,2,13
61,58,TR,2,24
61,59,TR,2,17
61,60,TR,2,41
61,61,TR,2,23
61,62,TR,2,27
61,63,TR,2,31
61,64,TR,2,31
61,65,TR,2,24
61,66,TR,2,16
61,67,TR,2,25
61,68,TR,,4
61,69,TR,2,13
61,70,TR,2,31
61,71,TR,2,43
61,72,TR,2,21
61,73,TR,2,28
61,74,TR,,29
61,75,TR,1,
61,76,TR,2,
61,77,TR,,2
61,78,TR,,4
61,79,TR,1,3
61,80,TR,,7
61,81,TR,,9
61,82,TR,,2
61,83,TR,,21
61,84,TR,,12
61,85,TR,,2
61,115,TR,,3
61,119,TR,,4
62,0,TR,,29
62,1,TR,2,23
62,2,TR,2,14
62,3,TR,,1
62,5,TR,,3
62,6,TR,,9
62,8,TR,,9
62,9,TR,,1
62,10,TR,2,34
62,11,TR,,52
62,12,TR,2,30
62,13,TR,2,60
62,14,TR,2,31
62,15,TR,2,
62,16,TR,2,6
62,17,TR,2,56
62,18,TR,2,71
62,19,TR,2,59
62,20,TR,2,62
62,21,TR,2,47
62,22,TR,2,36
62,23,TR,2,6
62,24,TR,2,45
62,25,TR,2,58
62,26,TR,2,42
62,27,TR,2,43
62,28,TR,2,19
62,29,TR,2,46
62,30,TR,2,68
62,31,TR,2,67
62,32,TR,2,69
62,33,TR,2,62
62,34,TR,2,39
62,35,TR,2,58
62,36,TR,2,45
62,37,TR,2,14
62,38,TR,2,45
62,39,TR,,24
62,44,TR,,2
62,45,TR,,8
62,46,TR,2,5
62,47,TR,,5
62,53,TR,2,12
62,54,TR,2,28
62,55,TR,2,28
62,56,TR,2,30
62,57,TR,2,27
62,58,TR,2,30
62,59,TR,2,15
62,60,TR,2,23
62,61,TR,2,6
62,62,TR,2,13
62,63,TR,2,
62,64,TR,2,24
62,65,TR,2,39
62,66,TR,,20
62,67,TR,,1
62,68,TR,2,14
62,69,TR,2,27
62,70,TR,2,38
62,71,TR,2,45
62,72,TR,2,33
62,73,TR,2,25
62,74,TR,,15
62,75,TR,,12
62,76,TR,2,15
62,77,TR,1,14
62,78,TR,,17
62,83,TR,,11
62,84,TR,,10
62,85,TR,,10
62,115,TR,,10
62,125,TR,,8
62,126,TR,,18
63,0,TR,,22
63,1,TR,,53
63,2,TR,,40
63,3,TR,,9
63,7,TR,,3
63,8,TR,,9
63,9,TR,2,15
63,10,TR,2,26
63,11,TR,2,52
63,12,TR,,54
63,13,TR,,44
63,14,TR,2,34
63,15,TR,2,28
63,16,TR,2,22
63,17,TR,2,71
63,18,TR,2,60
63,19,TR,2,56
63,20,TR,1,69
63,21,TR,2,62
63,22,TR,2,62
63,23,TR,2,40
63,24,TR,2,59
63,25,TR,2,58
63,26,TR,2,45
63,27,TR,2,39
63,28,TR,2,25
63,29,TR,2,47
63,30,TR,2,63
63,31,TR,2,70
63,32,TR,2,55
63,33,TR,2,62
63,34,TR,2,45
63,35,TR,2,67
63,36,TR,2,60
63,37,TR,2,24
63,38,TR,2,13
63,39,TR,2,5
63,41,TR,,9
63,42,TR,,5
63,43,TR,,9
63,44,TR,2,20
63,45,TR,2,56
63,46,TR,2,47
63,47,TR,2,53
63,48,TR,,38
63,49,TR,,40
63,50,TR,,27
63,51,TR,,13
63,52,TR,2,8
63,53,TR,2,22
63,54,TR,2,21
63,55,TR,2,47
63,56,TR,2,21
63,57,TR,2,27
63,58,TR,2,19
63,60,TR,,10
63,61,TR,,6
63,62,TR,2,17
63,63,TR,2,19
63,64,TR,2,28
63,65,TR,2,9
63,66,TR,2,13
63,67,TR,,13
63,68,TR,,4
63,69,TR,2,10
63,70,TR,2,36
63,71,TR,2,37
63,72,TR,2,49
63,73,TR,2,33
63,74,TR,2,26
63,75,TR,2,7
63,76,TR,2,7
63,77,TR,1,35
63,78,TR,1,28
63,79,TR,,12
63,80,TR,,16
63,84,TR,,3
63,85,TR,,3
63,86,TR,,3
63,87,TR,,9
63,90,TR,,17
63,125,TR,,2
63,126,TR,,5
63,127,TR,,1
64,1,TR,,17
64,3,TR,,25
64,5,TR,,3
64,6,TR,,9
64,7,TR,,6
64,8,TR,,11
64,9,TR,2,38
64,10,TR,2,23
64,11,TR,2,33
64,12,TR,2,57
64,13,TR,,54
64,14,TR,2,64
64,15,TR,2,40
64,16,TR,2,26
64,17,TR,2,61
64,18,TR,2,37
64,19,TR,2,54
64,20,TR,2,64
64,21,TR,2,49
64,22,TR,2,60
64,23,TR,2,43
64,24,TR,2,62
64,25,TR,2,55
64,26,TR,2,40
64,27,TR,2,48
64,28,TR,2,39
64,29,TR,2,61
64,30,TR,2,67
64,31,TR,2,72
64,32,TR,2,60
64,33,TR,2,66
64,34,TR,2,74
64,35,TR,2,66
64,36,TR,2,66
64,37,TR,2,47
64,38,TR,,17
64,39,TR,,23
64,41,TR,2,43
64,42,TR,2,47
64,43,TR,,43
64,44,TR,2,46
64,45,TR,2,37
64,46,TR,2,30
64,47,TR,2,37
64,48,TR,2,39
64,49,TR,2,26
64,50,TR,,18
64,51,TR,2,26
64,52,TR,2,46
64,53,TR,2,47
64,54,TR,2,23
64,55,TR,2,29
64,56,TR,,10
64,58,TR,2,
64,59,TR,2,
64,60,TR,2,44
64,61,TR,2,32
64,62,TR,2,34
64,63,TR,2,29
64,64,TR,2,25
64,65,TR,2,14
64,66,TR,,17
64,67,TR,2,8
64,68,TR,,10
64,69,TR,2,33
64,70,TR,2,55
64,71,TR,2,40
64,72,TR,2,34
64,73,TR,2,31
64,74,TR,2,39
64,75,TR,,15
64,77,TR,,14
64,78,TR,,24
64,79,TR,1,
64,85,TR,,10
64,86,TR,1,16
64,87,TR,,6
64,88,TR,,19
64,89,TR,,18
64,126,TR,,1
64,127,TR,,2
65,2,TR,,9
65,3,TR,,11
65,4,TR,,6
65,6,TR,,7
65,7,TR,,3
65,8,TR,,7
65,9,TR,2,31
65,10,TR,2,46
65,11,TR,2,58
65,12,TR,2,58
65,13,TR,2,59
65,14,TR,2,38
65,15,TR,,30
65,16,TR,,1
65,17,TR,2,17
65,18,TR,2,38
65,19,TR,2,47
65,20,TR,2,40
65,21,TR,2,62
65,22,TR,2,75
65,23,TR,2,67
65,24,TR,2,63
65,25,TR,2,48
65,26,TR,2,58
65,27,TR,2,37
65,28,TR,2,58
65,29,TR,2,57
65,30,TR,2,63
65,31,TR,2,54
65,32,TR,2,54
65,33,TR,2,60
65,34,TR,2,73
65,35,TR,2,62
65,36,TR,2,55
65,37,TR,2,47
65,38,TR,2,46
65,39,TR,,12
65,40,TR,,9
65,41,TR,2,57
65,42,TR,2,64
65,43,TR,2,38
65,44,TR,2,40
65,45,TR,2,25
65,46,TR,2,42
65,47,TR,2,15
65,48,TR,2,21
65,49,TR,2,39
65,50,TR,2,58
65,51,TR,2,50
65,52,TR,2,51
65,53,TR,2,26
65,54,TR,2,11
65,55,TR,,2
65,58,TR,,2
65,59,TR,2,18
65,60,TR,2,21
65,61,TR,2,3
65,62,TR,,7
65,63,TR,,14
65,64,TR,2,24
65,65,TR,2,20
65,66,TR,,13
65,67,TR,2,15
65,68,TR,2,44
65,69,TR,2,35
65,70,TR,2,45
65,71,TR,2,40
65,72,TR,2,45
65,73,TR,2,13
65,74,TR,,14
65,75,TR,,12
65,76,TR,,22
65,77,TR,,17
65,78,TR,,18
65,79,TR,,19
65,80,TR,,5
65,81,TR,1,24
65,82,TR,1,34
65,83,TR,1,19
65,84,TR,1,24
65,85,TR,1,6
65,86,TR,1,24
65,87,TR,1,14
65,88,TR,1,37
65,89,TR,1,43
65,90,TR,1,42
65,91,TR,1,30
65,92,TR,,20
66,3,TR,,32
66,4,TR,,8
66,5,TR,,22
66,6,TR,1,15
66,7,TR,,13
66,8,TR,,48
66,9,TR,2,42
66,10,TR,2,75
66,11,TR,2,62
66,12,TR,2,38
66,13,TR,2,48
66,14,TR,2,44
66,15,TR,2,24
66,16,TR,2,9
66,17,TR,2,40
66,18,TR,2,54
66,19,TR,2,58
66,20,TR,2,47
66,21,TR,2,59
66,22,TR,2,65
66,23,TR,2,67
66,24,TR,2,57
66,25,TR,2,55
66,26,TR,2,63
66,27,TR,2,56
66,28,TR,2,63
66,29,TR,2,72
66,30,TR,2,74
66,31,TR,2,61
66,32,TR,2,51
66,33,TR,2,55
66,34,TR,2,54
66,35,TR,2,55
66,36,TR,2,45
66,37,TR,2,44
66,38,TR,2,20
66,39,TR,2,21
66,40,TR,2,41
66,41,TR,2,60
66,42,TR,2,43
66,43,TR,2,22
66,44,TR,2,32
66,45,TR,2,34
66,46,TR,2,27
66,47,TR,2,37
66,48,TR,2,47
66,49,TR,2,43
66,50,TR,2,57
66,51,TR,2,59
66,52,TR,2,42
66,53,TR,,9
66,54,TR,,1
66,55,TR,,1
66,56,TR,,1
66,57,TR,2,34
66,58,TR,2,46
66,59,TR,2,35
66,60,TR,2,15
66,61,TR,2,1
66,62,TR,2,19
66,63,TR,2,33
66,64,TR,2,51
66,65,TR,1,7
66,66,TR,2,26
66,67,TR,2,19
66,68,TR,2,31
66,69,TR,2,7
66,70,TR,1,7
66,71,TR,2,24
66,72,TR,,29
66,73,TR,1,26
66,74,TR,,35
66,75,TR,,26
66,76,TR,,7
66,77,TR,,6
66,78,TR,,25
66,79,TR,,35
66,80,TR,1,18
66,81,TR,1,48
66,82,TR,1,26
66,83,TR,1,39
66,84,TR,,27
66,85,TR,1,23
66,86,TR,1,28
66,87,TR,1,25
66,88,TR,1,21
66,89,TR,1,25
66,90,TR,1,47
66,91,TR,1,23
66,92,TR,1,31
66,93,TR,,1
66,122,TR,,1
66,123,TR,,24
67,0,TR,,4
67,1,TR,1,6
67,3,TR,,1
67,4,TR,,27
67,5,TR,,10
67,7,TR,1,19
67,8,TR,1,48
67,9,TR,2,59
67,10,TR,2,64
67,11,TR,2,66
67,12,TR,2,63
67,13,TR,2,65
67,14,TR,2,59
67,15,TR,2,47
67,16,TR,2,44
67,17,TR,2,27
67,18,TR,2,62
67,19,TR,2,55
67,20,TR,2,36
67,21,TR,2,64
67,22,TR,2,41
67,23,TR,2,42
67,24,TR,2,56
67,25,TR,2,63
67,26,TR,2,61
67,27,TR,2,58
67,28,TR,2,64
67,29,TR,2,68
67,30,TR,2,68
67,31,TR,1,26
67,32,TR,2,23
67,33,TR,,42
67,34,TR,,1
67,35,TR,,17
67,37,TR,2,34
67,38,TR,2,58
67,39,TR,2,34
67,40,TR,2,42
67,41,TR,2,23
67,42,TR,2,18
67,43,TR,,16
67,44,TR,2,10
67,45,TR,2,38
67,46,TR,2,66
67,47,TR,2,60
67,48,TR,2,42
67,49,TR,2,53
67,50,TR,2,55
67,51,TR,2,34
67,52,TR,,19
67,53,TR,2,27
67,54,TR,2,47
67,55,TR,2,36
67,56,TR,2,40
67,57,TR,2,21
67,58,TR,2,61
67,59,TR,2,4
67,60,TR,2,11
67,61,TR,2,17
67,62,TR,2,15
67,63,TR,2,51
67,64,TR,2,33
67,65,TR,1,16
67,66,TR,2,21
67,67,TR,2,1
67,68,TR,2,18
67,69,TR,2,27
67,70,TR,2,23
67,71,TR,,20
67,72,TR,,26
67,73,TR,,22
67,74,TR,2,45
67,75,TR,1,49
67,76,TR,1,10
67,77,TR,1,8
67,78,TR,1,11
67,79,TR,,20
67,80,TR,1,30
67,81,TR,1,27
67,82,TR,1,32
67,83,TR,1,25
67,84,TR,1,40
67,85,TR,1,24
67,86,TR,1,10
67,87,TR,1,27
67,88,TR,1,30
67,89,TR,1,29
67,90,TR,1,48
67,91,TR,1,35
67,92,TR,,37
67,93,TR,,17
67,94,TR,,10
67,120,TR,,16
67,121,TR,,1
67,122,TR,,1
67,123,TR,,19
68,0,TR,,18
68,1,TR,,7
68,2,TR,,12
68,4,TR,,1
68,5,TR,,20
68,6,TR,,12
68,7,TR,2,52
68,8,TR,2,56
68,9,TR,2,60
68,10,TR,2,60
68,11,TR,2,57
68,12,TR,2,50
68,13,TR,2,63
68,14,TR,2,60
68,15,TR,2,46
68,16,TR,2,28
68,17,TR,2,35
68,18,TR,2,32
68,19,TR,2,23
68,20,TR,,20
68,21,TR,2,38
68,22,TR,2,44
68,23,TR,2,46
68,24,TR,2,62
68,25,TR,2,64
68,26,TR,2,64
68,27,TR,2,30
68,28,TR,2,58
68,29,TR,2,70
68,30,TR,2,62
68,31,TR,2,18
68,32,TR,2,17
68,33,TR,,20
68,34,TR,,1
68,35,TR,2,14
68,36,TR,2,43
68,37,TR,2,41
68,38,TR,2,48
68,39,TR,,32
68,40,TR,,9
68,41,TR,,8
68,42,TR,2,20
68,43,TR,2,26
68,44,TR,2,38
68,45,TR,2,46
68,46,TR,2,59
68,47,TR,2,66
68,48,TR,2,61
68,49,TR,2,51
68,50,TR,2,45
68,51,TR,2,19
68,52,TR,2,26
68,53,TR,2,60
68,54,TR,2,59
68,55,TR,2,16
68,56,TR,2,21
68,57,TR,2,5
68,58,TR,2,43
68,59,TR,2,3
68,60,TR,2,6
68,61,TR,2,17
68,62,TR,2,26
68,63,TR,2,34
68,64,TR,2,44
68,65,TR,2,35
68,66,TR,2,2
68,67,TR,2,4
68,68,TR,2,29
68,69,TR,2,28
68,70,TR,2,19
68,71,TR,1,23
68,72,TR,,11
68,73,TR,2,12
68,74,TR,1,28
68,75,TR,,25
68,76,TR,,10
68,77,TR,1,36
68,78,TR,1,21
68,79,TR,1,49
68,80,TR,1,48
68,81,TR,1,40
68,82,TR,1,20
68,83,TR,1,15
68,84,TR,1,15
68,85,TR,1,13
68,86,TR,,10
68,87,TR,1,7
68,88,TR,,8
68,89,TR,,7
68,90,TR,,13
68,91,TR,1,31
68,92,TR,,24
68,93,TR,,21
68,94,TR,,6
68,116,TR,,2
68,120,TR,,10
68,121,TR,,1
68,125,TR,,17
68,126,TR,,7
68,127,TR,,3
69,0,TR,,5
69,1,TR,,2
69,4,TR,,14
69,5,TR,,25
69,6,TR,2,28
69,7,TR,2,50
69,8,TR,2,37
69,9,TR,2,50
69,10,TR,2,49
69,11,TR,2,52
69,12,TR,2,54
69,13,TR,2,44
69,14,TR,2,63
69,15,TR,2,52
69,16,TR,2,25
69,17,TR,2,19
69,18,TR,2,61
69,19,TR,2,47
69,20,TR,,50
69,21,TR,2,26
69,22,TR,2,53
69,23,TR,2,61
69,24,TR,2,50
69,25,TR,2,55
69,26,TR,2,60
69,27,TR,2,48
69,28,TR,2,55
69,29,TR,2,42
69,30,TR,2,26
69,31,TR,2,17
69,32,TR,2,18
69,33,TR,2,30
69,34,TR,2,6
69,35,TR,2,29
69,36,TR,2,57
69,37,TR,2,40
69,38,TR,,4
69,41,TR,2,32
69,42,TR,2,30
69,43,TR,2,44
69,44,TR,2,44
69,45,TR,2,59
69,46,TR,2,57
69,47,TR,2,50
69,48,TR,2,38
69,49,TR,2,36
69,50,TR,2,44
69,51,TR,2,27
69,52,TR,2,48
69,53,TR,2,32
69,54,TR,,18
69,55,TR,,3
69,56,TR,,1
69,58,TR,,10
69,59,TR,2,1
69,60,TR,2,7
69,61,TR,2,9
69,62,TR,2,11
69,63,TR,2,19
69,64,TR,2,34
69,65,TR,,5
69,67,TR,2,16
69,68,TR,2,24
69,69,TR,2,36
69,70,TR,2,32
69,71,TR,2,30
69,73,TR,2,19
69,74,TR,2,23
69,75,TR,2,16
69,76,TR,2,22
69,77,TR,2,29
69,78,TR,2,50
69,79,TR,2,56
69,80,TR,1,50
69,81,TR,1,27
69,82,TR,1,36
69,83,TR,1,27
69,84,TR,1,30
69,85,TR,1,39
69,86,TR,,30
69,87,TR,1,13
69,88,TR,1,
69,89,TR,,19
69,90,TR,,17
69,91,TR,1,22
69,92,TR,,35
69,93,TR,,10
69,115,TR,,1
69,116,TR,,10
69,126,TR,,2
69,127,TR,,24
70,0,TR,,2
70,1,TR,,3
70,2,TR,,6
70,4,TR,,3
70,5,TR,,10
70,6,TR,,26
70,7,TR,,13
70,8,TR,2,36
70,9,TR,2,41
70,10,TR,2,51
70,11,TR,2,30
70,12,TR,2,50
70,13,TR,2,63
70,14,TR,2,41
70,15,TR,2,59
70,16,TR,2,54
70,17,TR,2,27
70,18,TR,2,60
70,19,TR,2,55
70,20,TR,2,36
70,21,TR,2,66
70,22,TR,2,68
70,23,TR,2,63
70,24,TR,2,55
70,25,TR,2,35
70,26,TR,2,40
70,27,TR,2,69
70,28,TR,2,29
70,29,TR,1,17
70,30,TR,2,12
70,31,TR,,1
70,32,TR,,5
70,33,TR,2,25
70,34,TR,2,14
70,35,TR,2,38
70,36,TR,2,43
70,37,TR,,10
70,39,TR,,9
70,40,TR,2,36
70,41,TR,2,30
70,42,TR,2,36
70,43,TR,2,28
70,44,TR,2,46
70,45,TR,2,42
70,46,TR,2,48
70,47,TR,2,45
70,48,TR,2,13
70,49,TR,2,24
70,50,TR,2,47
70,51,TR,,13
70,52,TR,,6
70,56,TR,,10
70,57,TR,,1
70,59,TR,,1
70,60,TR,,1
70,61,TR,2,4
70,62,TR,2,16
70,63,TR,2,46
70,64,TR,2,39
70,65,TR,,20
70,66,TR,,19
70,67,TR,2,10
70,68,TR,2,5
70,69,TR,,10
70,70,TR,,21
70,71,TR,,15
70,72,TR,,3
70,73,TR,,4
70,74,TR,2,23
70,75,TR,2,19
70,76,TR,2,45
70,77,TR,2,48
70,78,TR,2,53
70,79,TR,2,44
70,80,TR,1,35
70,81,TR,1,20
70,82,TR,1,17
70,83,TR,1,23
70,84,TR,,12
70,85,TR,1,21
70,86,TR,1,8
70,87,TR,1,29
70,88,TR,1,27
70,89,TR,1,37
70,90,TR,1,18
70,91,TR,1,34
70,92,TR,1,34
70,93,TR,,25
70,94,TR,,1
70,123,TR,,5
70,124,TR,,3
70,126,TR,,8
70,127,TR,1,23
71,0,TR,,5
71,1,TR,,7
71,2,TR,,14
71,3,TR,1,
71,4,TR,1,
71,6,TR,,29
71,7,TR,,20
71,8,TR,,52
71,9,TR,2,60
71,10,TR,2,33
71,11,TR,2,63
71,12,TR,2,36
71,13,TR,2,68
71,14,TR,2,66
71,15,TR,2,50
71,16,TR,,19
71,17,TR,2,47
71,18,TR,2,58
71,19,TR,2,45
71,20,TR,2,56
71,21,TR,2,59
71,22,TR,2,56
71,23,TR,2,66
71,24,TR,2,65
71,25,TR,2,53
71,26,TR,2,48
71,27,TR,1,55
71,28,TR,1,18
71,29,TR,,11
71,30,TR,,6
71,33,TR,,1
71,34,TR,,13
71,35,TR,,1
71,36,TR,,8
71,38,TR,,10
71,39,TR,2,20
71,40,TR,2,27
71,41,TR,2,46
71,42,TR,2,43
71,43,TR,2,37
71,44,TR,2,56
71,45,TR,2,44
71,46,TR,2,32
71,47,TR,2,15
71,48,TR,,33
71,49,TR,2,60
71,50,TR,,2
71,59,TR,,2
71,60,TR,,1
71,61,TR,,12
71,62,TR,2,35
71,63,TR,2,50
71,64,TR,2,32
71,65,TR,,19
71,66,TR,2,22
71,67,TR,,4
71,69,TR,,9
71,70,TR,2,36
71,71,TR,,38
71,72,TR,,20
71,73,TR,2,38
71,74,TR,2,62
71,75,TR,2,25
71,76,TR,2,38
71,77,TR,1,50
71,78,TR,1,33
71,79,TR,2,33
71,80,TR,2,28
71,81,TR,2,21
71,82,TR,1,13
71,83,TR,1,11
71,85,TR,1,15
71,86,TR,1,16
71,87,TR,1,16
71,88,TR,1,23
71,89,TR,1,27
71,90,TR,1,27
71,91,TR,1,40
71,92,TR,1,38
71,93,TR,1,32
71,94,TR,,3
71,124,TR,,3
71,125,TR,,13
71,126,TR,,12
71,127,TR,,29
72,0,TR,,3
72,2,TR,,3
72,4,TR,1,6
72,5,TR,1,3
72,6,TR,,25
72,7,TR,2,23
72,8,TR,2,48
72,9,TR,2,49
72,10,TR,2,45
72,11,TR,2,64
72,12,TR,2,52
72,13,TR,,44
72,14,TR,2,46
72,15,TR,2,60
72,16,TR,2,58
72,17,TR,2,62
72,18,TR,2,36
72,19,TR,2,60
72,20,TR,2,63
72,21,TR,2,65
72,22,TR,2,47
72,23,TR,2,56
72,24,TR,2,63
72,25,TR,2,60
72,26,TR,2,64
72,27,TR,1,20
72,28,TR,2,28
72,29,TR,,18
72,30,TR,,24
72,31,TR,,27
72,32,TR,,33
72,34,TR,,6
72,35,TR,,3
72,36,TR,,3
72,37,TR,,9
72,38,TR,,6
72,39,TR,2,23
72,40,TR,2,35
72,41,TR,2,33
72,42,TR,2,27
72,43,TR,2,40
72,44,TR,2,47
72,45,TR,2,18
72,46,TR,2,31
72,47,TR,2,41
72,48,TR,,41
72,49,TR,,5
72,59,TR,,1
72,60,TR,,8
72,61,TR,2,30
72,62,TR,2,25
72,63,TR,2,46
72,64,TR,2,13
72,65,TR,2,27
72,66,TR,2,21
72,67,TR,,5
72,68,TR,,15
72,69,TR,,5
72,70,TR,,15
72,71,TR,,5
72,72,TR,,2
72,73,TR,2,48
72,74,TR,2,47
72,75,TR,2,17
72,76,TR,2,53
72,77,TR,1,19
72,78,TR,1,7
72,79,TR,2,23
72,80,TR,2,22
72,81,TR,2,31
72,82,TR,1,27
72,83,TR,1,29
72,84,TR,,41
72,85,TR,,22
72,86,TR,,26
72,87,TR,1,25
72,88,TR,1,17
72,89,TR,1,35
72,90,TR,1,36
72,91,TR,1,27
72,92,TR,1,34
72,93,TR,1,32
72,94,TR,,13
72,95,TR,,15
72,96,TR,,1
72,124,TR,,3
72,125,TR,,47
72,126,TR,,12
72,127,TR,,2
73,2,TR,,4
73,3,TR,,2
73,4,TR,,21
73,5,TR,,26
73,6,TR,,19
73,7,TR,2,19
73,8,TR,2,40
73,9,TR,2,51
73,10,TR,,51
73,11,TR,,28
73,12,TR,,37
73,13,TR,,45
73,14,TR,1,34
73,15,TR,2,58
73,16,TR,2,63
73,17,TR,2,65
73,18,TR,2,62
73,19,TR,2,40
73,20,TR,2,39
73,21,TR,2,36
73,22,TR,2,42
73,23,TR,2,48
73,24,TR,1,60
73,25,TR,2,45
73,26,TR,2,42
73,27,TR,1,28
73,28,TR,1,39
73,29,TR,,42
73,30,TR,2,53
73,31,TR,2,55
73,32,TR,,6
73,33,TR,,7
73,34,TR,2,12
73,35,TR,,5
73,36,TR,2,18
73,37,TR,2,24
73,38,TR,,27
73,39,TR,,14
73,40,TR,,27
73,41,TR,2,32
73,42,TR,2,32
73,43,TR,2,35
73,44,TR,2,13
73,45,TR,,29
73,46,TR,,10
73,47,TR,,9
73,48,TR,,13
73,49,TR,,2
73,52,TR,,1
73,59,TR,,6
73,60,TR,2,35
73,61,TR,2,59
73,62,TR,2,48
73,63,TR,2,62
73,64,TR,,21
73,65,TR,2,49
73,66,TR,2,17
73,67,TR,2,7
73,68,TR,2,20
73,69,TR,,6
73,71,TR,,1
73,72,TR,2,2
73,73,TR,2,46
73,74,TR,2,18
73,75,TR,2,22
73,76,TR,,54
73,77,TR,,29
73,78,TR,1,16
73,79,TR,2,39
73,80,TR,2,50
73,81,TR,2,54
73,82,TR,1,42
73,83,TR,1,26
73,84,TR,2,34
73,85,TR,,9
73,86,TR,,31
73,87,TR,,45
73,88,TR,1,25
73,89,TR,1,28
73,90,TR,1,36
73,91,TR,1,35
73,92,TR,2,28
73,93,TR,1,12
73,94,TR,1,36
73,95,TR,1,36
73,96,TR,,12
73,97,TR,,14
73,118,TR,1,
73,124,TR,,4
73,125,TR,2,42
73,126,TR,,9
74,2,TR,,3
74,4,TR,,12
74,5,TR,,16
74,6,TR,1,24
74,7,TR,,21
74,8,TR,2,36
74,9,TR,2,59
74,10,TR,2,65
74,11,TR,2,66
74,12,TR,2,69
74,13,TR,2,62
74,14,TR,2,62
74,15,TR,2,71
74,16,TR,2,72
74,17,TR,2,67
74,18,TR,2,62
74,19,TR,2,25
74,20,TR,2,53
74,21,TR,1,40
74,22,TR,2,40
74,23,TR,2,46
74,24,TR,2,32
74,25,TR,2,57
74,26,TR,2,47
74,27,TR,2,51
74,28,TR,2,39
74,29,TR,2,39
74,30,TR,2,53
74,31,TR,2,36
74,32,TR,,2
74,33,TR,,17
74,34,TR,2,32
74,35,TR,,9
74,36,TR,2,31
74,37,TR,2,39
74,38,TR,2,25
74,39,TR,2,20
74,40,TR,2,27
74,41,TR,2,24
74,42,TR,2,40
74,43,TR,,37
74,44,TR,2,22
74,45,TR,,17
74,47,TR,,10
74,48,TR,2,9
74,49,TR,,4
74,57,TR,,7
74,58,TR,2,23
74,59,TR,2,26
74,60,TR,2,44
74,61,TR,2,62
74,62,TR,2,53
74,63,TR,1,13
74,64,TR,2,45
74,65,TR,2,37
74,66,TR,,7
74,67,TR,2,14
74,69,TR,,15
74,70,TR,,12
74,71,TR,,10
74,72,TR,2,8
74,73,TR,2,35
74,74,TR,2,9
74,75,TR,2,50
74,76,TR,2,27
74,77,TR,,47
74,78,TR,1,35
74,79,TR,2,22
74,80,TR,2,45
74,81,TR,2,49
74,82,TR,2,25
74,83,TR,1,29
74,84,TR,1,21
74,85,TR,1,20
74,86,TR,,37
74,87,TR,1,30
74,88,TR,1,25
74,89,TR,1,14
74,90,TR,1,13
74,91,TR,1,33
74,92,TR,1,19
74,93,TR,1,26
74,94,TR,1,46
74,95,TR,1,34
74,96,TR,,8
74,97,TR,,17
74,107,TR,,19
74,108,TR,,12
74,125,TR,2,
74,126,TR,,15
75,1,TR,,12
75,2,TR,,9
75,3,TR,,6
75,4,TR,,7
75,5,TR,,12
75,6,TR,,25
75,7,TR,,27
75,8,TR,,2
75,9,TR,2,50
75,10,TR,2,65
75,11,TR,2,66
75,12,TR,2,64
75,13,TR,2,64
75,14,TR,2,67
75,15,TR,2,68
75,16,TR,2,66
75,17,TR,2,56
75,18,TR,2,58
75,19,TR,2,48
75,20,TR,2,38
75,21,TR,1,15
75,22,TR,2,54
75,23,TR,2,22
75,24,TR,2,38
75,25,TR,2,52
75,26,TR,1,59
75,27,TR,2,49
75,28,TR,2,62
75,29,TR,2,65
75,30,TR,2,61
75,31,TR,2,42
75,32,TR,,4
75,33,TR,2,20
75,34,TR,2,49
75,35,TR,2,48
75,36,TR,2,35
75,37,TR,2,38
75,38,TR,2,30
75,39,TR,2,25
75,40,TR,2,26
75,41,TR,2,25
75,42,TR,2,11
75,43,TR,2,20
75,44,TR,2,13
75,45,TR,,19
75,46,TR,,4
75,47,TR,,34
75,48,TR,2,24
75,56,TR,,1
75,57,TR,2,18
75,58,TR,2,44
75,59,TR,2,12
75,60,TR,2,32
75,61,TR,2,38
75,62,TR,2,52
75,63,TR,1,56
75,64,TR,1,47
75,65,TR,,27
75,66,TR,,11
75,67,TR,,43
75,68,TR,,9
75,69,TR,,46
75,70,TR,,17
75,71,TR,,9
75,72,TR,2,27
75,73,TR,2,20
75,74,TR,2,29
75,75,TR,2,45
75,76,TR,2,29
75,77,TR,2,60
75,78,TR,2,41
75,79,TR,2,35
75,80,TR,2,55
75,81,TR,2,33
75,82,TR,2,23
75,83,TR,2,29
75,84,TR,1,53
75,85,TR,1,26
75,86,TR,1,49
75,87,TR,1,36
75,88,TR,1,39
75,89,TR,1,22
75,90,TR,1,13
75,91,TR,2,10
75,92,TR,2,19
75,93,TR,1,31
75,94,TR,2,44
75,95,TR,1,38
75,96,TR,1,13
75,97,TR,,20
76,1,TR,,16
76,2,TR,,7
76,3,TR,,14
76,4,TR,,36
76,5,TR,,12
76,6,TR,1,34
76,7,TR,2,31
76,8,TR,,22
76,9,TR,2,35
76,10,TR,2,61
76,11,TR,2,43
76,12,TR,2,70
76,13,TR,2,62
76,14,TR,2,49
76,15,TR,2,74
76,16,TR,2,66
76,17,TR,2,52
76,18,TR,2,70
76,19,TR,2,63
76,20,TR,2,56
76,21,TR,2,59
76,22,TR,2,26
76,23,TR,2,19
76,24,TR,2,53
76,25,TR,2,65
76,26,TR,2,58
76,27,TR,2,37
76,28,TR,2,53
76,29,TR,2,69
76,30,TR,,55
76,32,TR,2,19
76,33,TR,2,22
76,34,TR,2,58
76,35,TR,,45
76,37,TR,2,4
76,38,TR,2,18
76,39,TR,2,20
76,40,TR,2,31
76,41,TR,2,15
76,42,TR,2,42
76,43,TR,2,20
76,44,TR,2,21
76,45,TR,2,
76,46,TR,2,29
76,47,TR,,44
76,48,TR,,22
76,56,TR,2,15
76,57,TR,2,19
76,58,TR,2,7
76,59,TR,2,37
76,60,TR,,27
76,61,TR,,56
76,62,TR,2,59
76,63,TR,2,60
76,64,TR,2,40
76,65,TR,2,19
76,67,TR,,12
76,68,TR,,5
76,69,TR,,9
76,70,TR,,8
76,71,TR,2,10
76,72,TR,2,11
76,73,TR,2,35
76,74,TR,2,22
76,75,TR,2,31
76,76,TR,2,35
76,77,TR,2,38
76,78,TR,1,15
76,79,TR,1,35
76,80,TR,,27
76,81,TR,2,29
76,82,TR,2,22
76,83,TR,2,39
76,84,TR,1,55
76,85,TR,1,41
76,86,TR,1,30
76,87,TR,1,36
76,88,TR,1,33
76,89,TR,1,24
76,90,TR,1,25
76,91,TR,1,17
76,92,TR,2,33
76,93,TR,1,25
76,94,TR,2,16
76,95,TR,2,33
76,96,TR,1,17
76,97,TR,,12
77,0,TR,,4
77,1,TR,,16
77,2,TR,,9
77,3,TR,,7
77,4,TR,,14
77,6,TR,1,28
77,7,TR,1,51
77,8,TR,2,34
77,9,TR,2,31
77,10,TR,2,35
77,11,TR,2,59
77,12,TR,2,70
77,13,TR,2,61
77,14,TR,2,49
77,15,TR,2,53
77,16,TR,2,69
77,17,TR,2,70
77,18,TR,2,65
77,19,TR,2,30
77,20,TR,2,60
77,21,TR,2,40
77,22,TR,2,38
77,23,TR,2,41
77,24,TR,2,43
77,25,TR,2,59
77,26,TR,2,50
77,27,TR,2,44
77,28,TR,2,42
77,29,TR,2,50
77,30,TR,2,58
77,31,TR,2,31
77,32,TR,2,27
77,33,TR,2,30
77,34,TR,2,13
77,35,TR,2,12
77,36,TR,,12
77,37,TR,,21
77,38,TR,2,16
77,39,TR,2,17
77,40,TR,2,28
77,41,TR,2,25
77,42,TR,2,37
77,43,TR,2,28
77,44,TR,,1
77,45,TR,,3
77,46,TR,,18
77,47,TR,,18
77,48,TR,,2
77,50,TR,,10
77,55,TR,,8
77,56,TR,2,30
77,57,TR,2,52
77,58,TR,2,53
77,59,TR,2,53
77,60,TR,2,43
77,61,TR,,62
77,62,TR,2,38
77,63,TR,2,31
77,64,TR,2,31
77,65,TR,2,23
77,66,TR,,22
77,67,TR,,2
77,70,TR,,1
77,71,TR,2,18
77,72,TR,,11
77,73,TR,2,50
77,74,TR,2,29
77,75,TR,2,27
77,76,TR,2,20
77,77,TR,1,15
77,78,TR,1,11
77,79,TR,1,22
77,80,TR,2,32
77,81,TR,2,46
77,82,TR,2,27
77,83,TR,2,46
77,84,TR,1,64
77,85,TR,1,39
77,86,TR,1,19
77,87,TR,1,33
77,88,TR,1,30
77,89,TR,1,17
77,90,TR,2,22
77,91,TR,1,22
77,92,TR,,16
77,93,TR,1,24
77,94,TR,2,46
77,95,TR,2,50
77,96,TR,,11
77,97,TR,,15
77,98,TR,,3
77,103,TR,,1
77,104,TR,,5
77,105,TR,,8
77,106,TR,,13
78,0,TR,,8
78,1,TR,,47
78,2,TR,,32
78,3,TR,,26
78,4,TR,,25
78,6,TR,1,14
78,7,TR,,28
78,8,TR,2,8
78,9,TR,2,41
78,10,TR,2,38
78,11,TR,2,69
78,12,TR,2,69
78,13,TR,2,49
78,14,TR,2,71
78,15,TR,2,65
78,16,TR,2,48
78,17,TR,2,62
78,18,TR,2,60
78,19,TR,2,36
78,20,TR,2,46
78,21,TR,2,64
78,22,TR,2,56
78,23,TR,,40
78,24,TR,2,46
78,25,TR,2,47
78,26,TR,2,45
78,27,TR,2,59
78,28,TR,2,28
78,29,TR,2,31
78,30,TR,2,41
78,31,TR,2,47
78,32,TR,2,21
78,33,TR,2,29
78,34,TR,2,15
78,35,TR,2,21
78,36,TR,2,29
78,37,TR,2,18
78,38,TR,2,14
78,39,TR,2,20
78,40,TR,,19
78,41,TR,2,25
78,42,TR,,7
78,43,TR,2,8
78,44,TR,2,15
78,45,TR,,7
78,46,TR,,21
78,47,TR,,4
78,48,TR,,4
78,50,TR,,2
78,51,TR,,10
78,52,TR,,13
78,54,TR,,8
78,55,TR,2,31
78,56,TR,2,20
78,57,TR,2,55
78,58,TR,2,46
78,59,TR,2,63
78,60,TR,2,59
78,61,TR,,37
78,62,TR,,26
78,64,TR,2,34
78,65,TR,2,22
78,66,TR,,8
78,67,TR,,7
78,69,TR,,1
78,70,TR,2,10
78,71,TR,2,38
78,72,TR,2,43
78,73,TR,2,47
78,74,TR,1,35
78,75,TR,1,37
78,76,TR,1,16
78,77,TR,1,
78,78,TR,1,19
78,79,TR,,15
78,80,TR,,12
78,81,TR,,10
78,82,TR,,5
78,83,TR,2,41
78,84,TR,2,54
78,85,TR,1,62
78,86,TR,1,22
78,87,TR,1,26
78,88,TR,1,34
78,89,TR,1,14
78,90,TR,,12
78,92,TR,,1
78,93,TR,2,13
78,94,TR,2,25
78,95,TR,1,25
78,96,TR,1,31
78,97,TR,,21
78,98,TR,,7
78,99,TR,,2
78,100,TR,,17
78,101,TR,,9
78,103,TR,,13
78,104,TR,,17
78,105,TR,,15
78,106,TR,,13
79,0,TR,,7
79,1,TR,,38
79,2,TR,,41
79,3,TR,1,8
79,4,TR,,22
79,5,TR,,12
79,6,TR,,13
79,7,TR,,15
79,8,TR,2,23
79,9,TR,2,61
79,10,TR,2,67
79,11,TR,2,69
79,12,TR,2,56
79,13,TR,2,38
79,14,TR,2,49
79,15,TR,2,48
79,16,TR,2,54
79,17,TR,2,64
79,18,TR,1,24
79,19,TR,1,37
79,20,TR,1,39
79,21,TR,2,48
79,22,TR,2,22
79,23,TR,2,13
79,24,TR,1,32
79,25,TR,2,41
79,26,TR,2,62
79,27,TR,2,58
79,28,TR,2,34
79,29,TR,2,21
79,30,TR,2,40
79,31,TR,2,36
79,32,TR,2,8
79,33,TR,2,9
79,34,TR,2,45
79,35,TR,2,17
79,36,TR,2,27
79,37,TR,2,9
79,38,TR,2,17
79,39,TR,,15
79,40,TR,,23
79,41,TR,,18
79,42,TR,2,14
79,43,TR,2,7
79,44,TR,2,22
79,45,TR,2,14
79,46,TR,,12
79,47,TR,,8
79,50,TR,,4
79,51,TR,2,4
79,52,TR,,4
79,53,TR,,6
79,54,TR,2,34
79,55,TR,2,50
79,56,TR,2,35
79,57,TR,2,47
79,58,TR,2,62
79,59,TR,2,57
79,60,TR,2,30
79,61,TR,2,27
79,62,TR,,2
79,63,TR,,8
79,64,TR,2,20
79,65,TR,2,10
79,66,TR,,14
79,68,TR,,1
79,69,TR,,12
79,70,TR,2,33
79,71,TR,2,40
79,72,TR,2,33
79,73,TR,2,32
79,74,TR,2,35
79,75,TR,,19
79,76,TR,,5
79,77,TR,1,8
79,78,TR,1,16
79,79,TR,,7
79,80,TR,,10
79,81,TR,,7
79,82,TR,2,44
79,83,TR,2,35
79,84,TR,2,43
79,85,TR,2,59
79,86,TR,2,29
79,87,TR,1,36
79,88,TR,1,23
79,89,TR,1,21
79,90,TR,1,22
79,91,TR,,26
79,92,TR,1,11
79,93,TR,2,13
79,94,TR,2,24
79,95,TR,1,14
79,96,TR,1,15
79,97,TR,2,16
79,98,TR,,26
79,99,TR,,24
79,100,TR,,47
79,101,TR,,21
79,102,TR,,11
79,103,TR,1,17
79,105,TR,,15
79,106,TR,,10
79,108,TR,,29
79,109,TR,,1
79,115,TR,,3
79,117,TR,,13
79,118,TR,,6
79,123,TR,,2
79,124,TR,,2
79,126,TR,,4
79,127,TR,,7
80,2,TR,1,42
80,3,TR,,12
80,5,TR,1,7
80,6,TR,1,43
80,7,TR,2,22
80,8,TR,2,52
80,9,TR,2,63
80,10,TR,2,66
80,11,TR,2,63
80,12,TR,2,36
80,13,TR,2,32
80,14,TR,2,61
80,15,TR,2,45
80,16,TR,1,32
80,17,TR,1,32
80,18,TR,1,33
80,19,TR,1,34
80,20,TR,1,25
80,21,TR,1,29
80,22,TR,2,7
80,23,TR,,23
80,24,TR,1,30
80,25,TR,2,39
80,26,TR,2,61
80,27,TR,2,46
80,28,TR,2,30
80,29,TR,2,13
80,30,TR,2,52
80,31,TR,2,32
80,32,TR,2,11
80,33,TR,2,37
80,34,TR,2,47
80,35,TR,2,25
80,36,TR,2,32
80,37,TR,2,11
80,38,TR,,5
80,39,TR,1,11
80,40,TR,,46
80,41,TR,2,3
80,42,TR,2,25
80,43,TR,,25
80,44,TR,2,4
80,45,TR,2,8
80,46,TR,,10
80,50,TR,,1
80,51,TR,,3
80,52,TR,,1
80,53,TR,2,20
80,54,TR,2,43
80,55,TR,2,30
80,56,TR,2,17
80,57,TR,2,43
80,58,TR,2,38
80,59,TR,2,67
80,60,TR,2,67
80,61,TR,2,35
80,62,TR,2,8
80,63,TR,,29
80,64,TR,2,17
80,65,TR,,7
80,66,TR,,4
80,68,TR,,4
80,69,TR,,29
80,70,TR,,35
80,71,TR,,22
80,72,TR,,10
80,73,TR,,38
80,74,TR,,19
80,75,TR,,14
80,76,TR,,18
80,77,TR,1,27
80,78,TR,2,32
80,79,TR,2,31
80,80,TR,2,38
80,81,TR,,24
80,82,TR,2,45
80,83,TR,2,47
80,84,TR,2,33
80,85,TR,2,45
80,86,TR,2,49
80,87,TR,1,33
80,88,TR,1,25
80,89,TR,1,32
80,90,TR,1,28
80,91,TR,1,32
80,92,TR,1,36
80,93,TR,1,23
80,94,TR,2,15
80,95,TR,2,8
80,96,TR,2,16
80,97,TR,2,27
80,98,TR,2,36
80,99,TR,1,38
80,100,TR,,9
80,102,TR,,6
80,103,TR,,10
80,105,TR,,3
80,109,TR,,1
80,115,TR,,5
80,117,TR,,22
80,118,TR,1,10
80,119,TR,1,
80,121,TR,,8
80,123,TR,,4
80,124,TR,,3
80,125,TR,1,3
80,126,TR,1,23
80,127,TR,1,29
81,0,TR,,5
81,2,TR,,2
81,3,TR,,1
81,5,TR,,2
81,6,TR,1,6
81,7,TR,,17
81,8,TR,2,31
81,9,TR,2,61
81,10,TR,2,53
81,11,TR,2,59
81,12,TR,2,43
81,13,TR,2,59
81,14,TR,2,48
81,15,TR,2,29
81,16,TR,2,37
81,17,TR,1,60
81,18,TR,2,45
81,19,TR,2,46
81,20,TR,2,37
81,21,TR,1,18
81,22,TR,2,27
81,23,TR,2,12
81,24,TR,,13
81,25,TR,,19
81,26,TR,1,60
81,27,TR,2,35
81,28,TR,2,29
81,29,TR,2,20
81,30,TR,2,40
81,31,TR,2,22
81,32,TR,2,28
81,33,TR,2,41
81,34,TR,2,33
81,35,TR,2,19
81,36,TR,2,13
81,37,TR,2,9
81,38,TR,,1
81,39,TR,2,3
81,40,TR,2,19
81,41,TR,2,24
81,42,TR,2,38
81,43,TR,,22
81,44,TR,2,24
81,45,TR,2,5
81,46,TR,,13
81,51,TR,,11
81,52,TR,2,20
81,53,TR,2,24
81,54,TR,2,32
81,55,TR,2,16
81,56,TR,2,42
81,57,TR,2,34
81,58,TR,2,34
81,59,TR,2,68
81,60,TR,2,56
81,61,TR,2,32
81,62,TR,2,25
81,63,TR,2,36
81,64,TR,2,23
81,65,TR,,3
81,66,TR,,13
81,67,TR,1,7
81,68,TR,2,23
81,69,TR,2,41
81,70,TR,2,2
81,71,TR,2,22
81,72,TR,,10
81,73,TR,,20
81,74,TR,2,36
81,75,TR,2,38
81,76,TR,2,39
81,77,TR,2,15
81,78,TR,2,23
81,79,TR,2,25
81,80,TR,2,18
81,81,TR,,28
81,82,TR,2,29
81,83,TR,2,33
81,84,TR,2,64
81,85,TR,2,51
81,86,TR,1,40
81,87,TR,1,31
81,88,TR,1,18
81,89,TR,1,15
81,90,TR,1,29
81,91,TR,1,28
81,92,TR,1,30
81,93,TR,1,23
81,94,TR,1,12
81,95,TR,2,8
81,96,TR,2,16
81,97,TR,2,9
81,98,TR,2,18
81,99,TR,,3
81,100,TR,,7
81,101,TR,,13
81,102,TR,,9
81,103,TR,,18
81,107,TR,,9
81,108,TR,,26
81,109,TR,,17
81,111,TR,,21
81,112,TR,,17
81,113,TR,,5
81,121,TR,,1
81,126,TR,,9
81,127,TR,1,11
82,1,TR,,1
82,2,TR,,2
82,3,TR,,22
82,4,TR,,18
82,5,TR,,8
82,6,TR,1,38
82,7,TR,2,26
82,8,TR,2,59
82,9,TR,2,35
82,10,TR,2,25
82,11,TR,2,43
82,12,TR,,10
82,13,TR,,40
82,14,TR,2,46
82,15,TR,2,23
82,16,TR,2,49
82,17,TR,2,30
82,18,TR,2,39
82,19,TR,2,54
82,20,TR,1,65
82,21,TR,1,28
82,22,TR,,16
82,23,TR,2,10
82,24,TR,,37
82,25,TR,,20
82,26,TR,1,60
82,27,TR,1,52
82,28,TR,2,38
82,29,TR,2,29
82,30,TR,2,35
82,31,TR,1,31
82,32,TR,2,33
82,33,TR,2,43
82,34,TR,2,17
82,35,TR,2,14
82,36,TR,,21
82,37,TR,,3
82,38,TR,1,5
82,39,TR,,4
82,40,TR,,23
82,41,TR,2,44
82,42,TR,2,22
82,43,TR,2,16
82,44,TR,2,31
82,45,TR,,14
82,46,TR,,5
82,50,TR,,1
82,51,TR,,27
82,52,TR,2,51
82,53,TR,2,38
82,54,TR,2,11
82,55,TR,2,41
82,56,TR,2,58
82,57,TR,2,38
82,58,TR,2,41
82,59,TR,1,52
82,60,TR,1,27
82,61,TR,2,34
82,62,TR,2,20
82,63,TR,2,49
82,64,TR,2,39
82,65,TR,2,31
82,66,TR,,30
82,67,TR,,25
82,68,TR,2,32
82,69,TR,2,12
82,70,TR,2,9
82,71,TR,1,12
82,72,TR,1,17
82,73,TR,2,47
82,74,TR,2,19
82,75,TR,2,25
82,76,TR,2,26
82,77,TR,2,1
82,78,TR,2,24
82,79,TR,,19
82,80,TR,,7
82,81,TR,1,31
82,82,TR,2,64
82,83,TR,2,74
82,84,TR,2,61
82,85,TR,,47
82,86,TR,1,19
82,87,TR,1,35
82,88,TR,,32
82,89,TR,1,32
82,90,TR,1,24
82,91,TR,2,26
82,92,TR,2,26
82,93,TR,1,29
82,94,TR,1,28
82,95,TR,2,26
82,96,TR,2,11
82,97,TR,2,5
82,98,TR,,10
82,99,TR,,4
82,100,TR,,47
82,101,TR,,51
82,102,TR,2,19
82,103,TR,,13
82,104,TR,,14
82,107,TR,,2
82,108,TR,,7
82,112,TR,,45
82,113,TR,,17
82,115,TR,,24
82,116,TR,,26
82,117,TR,,6
82,118,TR,,18
82,120,TR,,1
82,121,TR,,32
83,0,TR,,8
83,1,TR,,12
83,2,TR,,15
83,3,TR,,19
83,4,TR,,38
83,5,TR,,5
83,6,TR,,14
83,7,TR,2,47
83,8,TR,2,44
83,9,TR,2,44
83,10,TR,2,24
83,11,TR,,32
83,12,TR,,7
83,13,TR,2,39
83,14,TR,,48
83,15,TR,2,22
83,16,TR,2,39
83,17,TR,2,56
83,18,TR,1,34
83,19,TR,2,40
83,20,TR,2,52
83,21,TR,1,48
83,22,TR,,36
83,23,TR,2,38
83,24,TR,,21
83,25,TR,,21
83,26,TR,1,71
83,27,TR,2,25
83,28,TR,2,32
83,29,TR,2,22
83,30,TR,2,27
83,31,TR,2,17
83,32,TR,2,22
83,33,TR,1,41
83,34,TR,,32
83,35,TR,1,44
83,36,TR,2,28
83,37,TR,2,6
83,38,TR,2,4
83,39,TR,2,20
83,40,TR,,16
83,41,TR,2,29
83,42,TR,2,18
83,43,TR,2,21
83,44,TR,,12
83,45,TR,,1
83,46,TR,,1
83,47,TR,,2
83,50,TR,1,15
83,51,TR,2,38
83,52,TR,,35
83,53,TR,2,38
83,54,TR,2,49
83,55,TR,2,62
83,56,TR,2,59
83,57,TR,2,61
83,58,TR,2,44
83,59,TR,2,50
83,60,TR,2,48
83,61,TR,2,57
83,62,TR,2,21
83,63,TR,2,16
83,64,TR,2,25
83,65,TR,2,40
83,66,TR,2,19
83,67,TR,,50
83,68,TR,,9
83,69,TR,2,15
83,70,TR,2,50
83,71,TR,1,29
83,72,TR,1,47
83,73,TR,2,27
83,74,TR,2,10
83,77,TR,2,
83,78,TR,2,33
83,79,TR,,12
83,80,TR,,13
83,81,TR,2,48
83,82,TR,2,63
83,83,TR,2,59
83,84,TR,,37
83,85,TR,,15
83,86,TR,,18
83,87,TR,1,23
83,88,TR,,10
83,90,TR,1,19
83,91,TR,1,20
83,92,TR,2,26
83,93,TR,2,25
83,94,TR,1,27
83,95,TR,2,22
83,96,TR,2,25
83,97,TR,2,28
83,98,TR,2,9
83,99,TR,,20
83,100,TR,,9
83,101,TR,,26
83,102,TR,2,21
83,103,TR,,24
83,104,TR,,13
83,112,TR,,8
83,113,TR,,11
83,117,TR,,2
83,118,TR,,16
83,119,TR,,7
83,120,TR,,34
83,121,TR,,2
83,123,TR,2,9
83,124,TR,,6
84,0,TR,,6
84,1,TR,,8
84,2,TR,,12
84,3,TR,,11
84,4,TR,,23
84,5,TR,,40
84,6,TR,,18
84,7,TR,,30
84,8,TR,,6
84,9,TR,2,21
84,10,TR,2,20
84,11,TR,2,6
84,12,TR,,4
84,13,TR,2,28
84,14,TR,,33
84,15,TR,,52
84,16,TR,,10
84,17,TR,,38
84,18,TR,2,35
84,19,TR,2,19
84,20,TR,2,36
84,21,TR,,16
84,22,TR,,23
84,23,TR,,15
84,24,TR,,25
84,25,TR,,35
84,26,TR,2,58
84,27,TR,2,33
84,28,TR,2,45
84,29,TR,1,17
84,30,TR,2,17
84,31,TR,2,26
84,32,TR,2,41
84,33,TR,1,34
84,34,TR,2,38
84,35,TR,2,25
84,36,TR,,24
84,37,TR,2,9
84,38,TR,2,5
84,39,TR,2,35
84,40,TR,2,36
84,41,TR,2,24
84,42,TR,2,39
84,43,TR,2,47
84,44,TR,2,29
84,45,TR,,19
84,46,TR,,9
84,47,TR,,4
84,50,TR,2,17
84,51,TR,2,39
84,52,TR,2,44
84,53,TR,2,42
84,54,TR,2,60
84,55,TR,2,42
84,56,TR,2,34
84,57,TR,2,62
84,58,TR,1,43
84,59,TR,2,43
84,60,TR,2,43
84,61,TR,,51
84,62,TR,1,18
84,63,TR,1,13
84,64,TR,2,37
84,65,TR,,31
84,66,TR,2,19
84,67,TR,2,24
84,68,TR,,4
84,69,TR,2,24
84,70,TR,,31
84,71,TR,2,19
84,72,TR,2,32
84,73,TR,2,10
84,74,TR,,3
84,76,TR,,2
84,77,TR,,28
84,78,TR,2,43
84,79,TR,2,53
84,80,TR,2,44
84,81,TR,2,60
84,82,TR,2,50
84,83,TR,2,35
84,84,TR,2,25
84,85,TR,,31
84,86,TR,,2
84,87,TR,,13
84,89,TR,,6
84,90,TR,1,30
84,91,TR,1,19
84,92,TR,,8
84,93,TR,,8
84,94,TR,,11
84,95,TR,2,10
84,96,TR,2,13
84,97,TR,2,6
84,101,TR,,7
84,102,TR,2,23
84,103,TR,,21
84,118,TR,,6
84,119,TR,,52
84,120,TR,2,38
84,121,TR,,30
84,122,TR,,2
84,124,TR,,13
84,125,TR,,5
84,126,TR,,1
85,1,TR,1,14
85,2,TR,,35
85,3,TR,,27
85,4,TR,,23
85,5,TR,1,24
85,6,TR,2,30
85,7,TR,,12
85,8,TR,,11
85,9,TR,,23
85,10,TR,2,14
85,11,TR,2,
85,14,TR,,41
85,15,TR,1,57
85,16,TR,,27
85,17,TR,,9
85,18,TR,1,21
85,19,TR,,34
85,20,TR,2,56
85,21,TR,2,39
85,22,TR,,18
85,23,TR,,5
85,24,TR,2,17
85,25,TR,1,44
85,26,TR,2,25
85,27,TR,,19
85,28,TR,2,25
85,29,TR,2,11
85,30,TR,2,10
85,31,TR,2,30
85,32,TR,2,15
85,33,TR,1,29
85,34,TR,2,31
85,35,TR,2,13
85,36,TR,,19
85,37,TR,2,19
85,38,TR,1,32
85,39,TR,2,16
85,40,TR,2,31
85,41,TR,2,50
85,42,TR,2,57
85,43,TR,2,37
85,44,TR,2,46
85,45,TR,1,28
85,46,TR,2,23
85,47,TR,2,11
85,48,TR,,7
85,49,TR,1,11
85,50,TR,2,57
85,51,TR,2,33
85,52,TR,2,63
85,53,TR,2,60
85,54,TR,2,52
85,55,TR,2,41
85,56,TR,2,68
85,57,TR,2,54
85,58,TR,1,49
85,59,TR,2,42
85,60,TR,2,51
85,61,TR,2,60
85,62,TR,2,11
85,63,TR,,3
85,64,TR,,9
85,65,TR,2,41
85,66,TR,2,50
85,67,TR,,36
85,68,TR,2,18
85,69,TR,2,26
85,70,TR,2,33
85,71,TR,2,18
85,72,TR,2,25
85,73,TR,,1
85,76,TR,,11
85,77,TR,,31
85,78,TR,,50
85,79,TR,2,36
85,80,TR,,30
85,81,TR,2,42
85,82,TR,,36
85,83,TR,2,9
85,84,TR,2,11
85,85,TR,,22
85,86,TR,,8
85,87,TR,,2
85,96,TR,,2
85,97,TR,,7
85,110,TR,,2
85,111,TR,,4
85,115,TR,,1
85,116,TR,,10
85,117,TR,,2
85,118,TR,,16
85,119,TR,,20
85,120,TR,2,25
85,121,TR,2,32
85,122,TR,,9
85,124,TR,2,34
85,125,TR,,37
85,126,TR,,9
85,127,TR,,19
86,0,TR,,3
86,1,TR,,3
86,2,TR,,9
86,3,TR,,9
86,5,TR,,9
86,6,TR,2,29
86,7,TR,2,48
86,8,TR,2,4
86,9,TR,,29
86,10,TR,,9
86,12,TR,,8
86,13,TR,,31
86,14,TR,2,67
86,15,TR,2,65
86,16,TR,2,9
86,17,TR,,23
86,18,TR,,18
86,19,TR,1,23
86,20,TR,2,37
86,21,TR,2,34
86,22,TR,2,25
86,23,TR,2,24
86,24,TR,2,19
86,25,TR,2,21
86,26,TR,2,46
86,27,TR,2,35
86,28,TR,2,15
86,29,TR,2,23
86,30,TR,2,15
86,31,TR,,31
86,32,TR,2,48
86,33,TR,2,35
86,34,TR,2,27
86,35,TR,2,15
86,36,TR,2,25
86,37,TR,2,23
86,38,TR,1,28
86,39,TR,2,17
86,40,TR,2,33
86,41,TR,2,14
86,42,TR,2,19
86,43,TR,2,45
86,44,TR,2,40
86,45,TR,1,20
86,46,TR,2,50
86,47,TR,2,27
86,48,TR,2,11
86,49,TR,2,28
86,50,TR,2,44
86,51,TR,2,60
86,52,TR,2,51
86,53,TR,2,53
86,54,TR,2,39
86,55,TR,2,45
86,56,TR,2,44
86,57,TR,2,25
86,58,TR,1,42
86,59,TR,2,44
86,60,TR,2,51
86,61,TR,2,48
86,62,TR,2,20
86,63,TR,,10
86,64,TR,,2
86,65,TR,,5
86,66,TR,2,30
86,67,TR,2,36
86,68,TR,2,34
86,69,TR,2,25
86,70,TR,2,41
86,71,TR,2,35
86,72,TR,,31
86,73,TR,,1
86,74,TR,,4
86,75,TR,1,18
86,76,TR,2,30
86,77,TR,2,39
86,78,TR,2,46
86,79,TR,,15
86,80,TR,,12
86,81,TR,,33
86,82,TR,2,51
86,83,TR,2,29
86,84,TR,,33
86,85,TR,,8
86,97,TR,,8
86,110,TR,,1
86,111,TR,,1
86,116,TR,,3
86,117,TR,,1
86,118,TR,,6
86,119,TR,,1
86,120,TR,2,27
86,121,TR,,22
86,122,TR,,25
86,124,TR,,6
86,125,TR,2,22
86,126,TR,,32
86,127,TR,,36
87,1,TR,1,7
87,2,TR,,25
87,3,TR,,2
87,4,TR,,32
87,5,TR,,10
87,7,TR,2,30
87,8,TR,2,34
87,9,TR,,52
87,10,TR,,24
87,11,TR,,1
87,12,TR,,27
87,13,TR,1,36
87,14,TR,2,68
87,15,TR,2,50
87,16,TR,2,10
87,17,TR,2,10
87,18,TR,,21
87,19,TR,,15
87,20,TR,2,43
87,21,TR,2,28
87,22,TR,2,26
87,23,TR,2,59
87,24,TR,2,48
87,25,TR,1,37
87,26,TR,2,28
87,27,TR,2,34
87,28,TR,2,19
87,29,TR,2,26
87,30,TR,2,21
87,31,TR,,22
87,32,TR,2,44
87,33,TR,2,20
87,34,TR,2,14
87,35,TR,2,29
87,36,TR,2,52
87,37,TR,2,28
87,38,TR,,21
87,39,TR,2,17
87,40,TR,2,35
87,41,TR,2,29
87,42,TR,2,41
87,43,TR,2,12
87,44,TR,2,16
87,45,TR,2,57
87,46,TR,2,30
87,47,TR,2,57
87,48,TR,2,36
87,49,TR,2,24
87,50,TR,2,47
87,51,TR,2,56
87,52,TR,2,41
87,53,TR,2,38
87,54,TR,2,48
87,55,TR,2,35
87,56,TR,2,29
87,57,TR,2,36
87,58,TR,1,44
87,59,TR,2,47
87,60,TR,2,48
87,61,TR,2,45
87,62,TR,2,37
87,63,TR,2,25
87,64,TR,,2
87,66,TR,,17
87,67,TR,2,46
87,68,TR,2,18
87,69,TR,2,18
87,70,TR,2,49
87,71,TR,2,21
87,72,TR,,6
87,74,TR,2,37
87,75,TR,2,33
87,76,TR,,12
87,77,TR,2,42
87,78,TR,2,34
87,80,TR,2,11
87,81,TR,2,30
87,82,TR,,32
87,83,TR,2,19
87,84,TR,,18
87,85,TR,,6
87,92,TR,,1
87,93,TR,,7
87,97,TR,,16
87,99,TR,,1
87,100,TR,,25
87,101,TR,,8
87,108,TR,,12
87,115,TR,,1
87,116,TR,1,9
87,117,TR,,10
87,120,TR,,27
87,121,TR,2,31
87,122,TR,,18
87,123,TR,,8
87,124,TR,,21
87,125,TR,,12
88,0,TR,,1
88,1,TR,,3
88,2,TR,,14
88,3,TR,,14
88,4,TR,,17
88,5,TR,,7
88,6,TR,,9
88,7,TR,2,11
88,8,TR,2,40
88,9,TR,,56
88,10,TR,,16
88,11,TR,,1
88,12,TR,2,20
88,13,TR,2,46
88,14,TR,2,68
88,15,TR,2,65
88,16,TR,2,44
88,17,TR,,10
88,18,TR,,16
88,19,TR,2,14
88,20,TR,2,25
88,21,TR,2,12
88,22,TR,2,32
88,23,TR,2,33
88,24,TR,2,31
88,25,TR,2,24
88,26,TR,2,15
88,27,TR,,17
88,28,TR,2,2
88,29,TR,2,19
88,30,TR,2,26
88,31,TR,2,37
88,32,TR,2,37
88,33,TR,2,32
88,34,TR,2,36
88,35,TR,2,62
88,36,TR,2,69
88,37,TR,2,33
88,38,TR,2,17
88,39,TR,2,20
88,40,TR,2,50
88,41,TR,2,64
88,42,TR,2,61
88,43,TR,2,8
88,44,TR,2,13
88,45,TR,2,35
88,46,TR,2,48
88,47,TR,2,49
88,48,TR,2,53
88,49,TR,2,50
88,50,TR,2,56
88,51,TR,2,31
88,52,TR,2,48
88,53,TR,2,45
88,54,TR,2,39
88,55,TR,2,40
88,56,TR,2,52
88,57,TR,2,44
88,58,TR,2,45
88,59,TR,2,67
88,60,TR,2,47
88,61,TR,2,49
88,62,TR,2,14
88,63,TR,,22
88,64,TR,,3
88,65,TR,,20
88,66,TR,2,15
88,67,TR,2,41
88,69,TR,,32
88,70,TR,2,26
88,71,TR,2,4
88,72,TR,,2
88,73,TR,,10
88,74,TR,2,35
88,75,TR,1,54
88,76,TR,,12
88,77,TR,,26
88,78,TR,,3
88,79,TR,1,10
88,80,TR,1,13
88,81,TR,2,24
88,82,TR,2,22
88,83,TR,,15
88,84,TR,,26
88,85,TR,,5
88,86,TR,,4
88,92,TR,,6
88,93,TR,,1
88,94,TR,,7
88,100,TR,,4
88,101,TR,,1
88,104,TR,,3
88,105,TR,,5
88,106,TR,,6
88,108,TR,,2
88,114,TR,,4
88,115,TR,,8
88,116,TR,,9
88,117,TR,,5
88,120,TR,,11
88,121,TR,,11
88,122,TR,2,34
88,123,TR,2,20
88,124,TR,2,41
88,125,TR,,12
88,126,TR,,4
89,0,TR,,1
89,1,TR,1,31
89,2,TR,2,50
89,3,TR,,29
89,4,TR,2,16
89,5,TR,2,25
89,6,TR,,12
89,7,TR,,36
89,8,TR,,9
89,9,TR,,12
89,11,TR,,2
89,12,TR,,8
89,13,TR,2,16
89,14,TR,2,44
89,15,TR,2,52
89,16,TR,2,36
89,17,TR,2,23
89,18,TR,2,46
89,19,TR,2,24
89,20,TR,2,16
89,21,TR,2,41
89,22,TR,2,65
89,23,TR,2,41
89,24,TR,,17
89,25,TR,2,27
89,26,TR,2,25
89,27,TR,,38
89,28,TR,,8
89,29,TR,,17
89,30,TR,2,29
89,31,TR,2,58
89,32,TR,2,36
89,33,TR,2,50
89,34,TR,2,39
89,35,TR,2,22
89,36,TR,2,42
89,37,TR,2,40
89,38,TR,,39
89,39,TR,2,41
89,40,TR,,52
89,41,TR,2,35
89,42,TR,2,52
89,43,TR,2,46
89,44,TR,,36
89,45,TR,1,27
89,46,TR,2,39
89,47,TR,2,51
89,48,TR,2,45
89,49,TR,2,46
89,50,TR,2,58
89,51,TR,2,57
89,52,TR,2,57
89,53,TR,2,52
89,54,TR,2,58
89,55,TR,2,55
89,56,TR,2,35
89,57,TR,2,61
89,58,TR,1,64
89,59,TR,1,62
89,60,TR,1,50
89,61,TR,2,57
89,62,TR,2,37
89,63,TR,2,25
89,64,TR,2,36
89,65,TR,2,24
89,66,TR,2,6
89,67,TR,,36
89,68,TR,2,
89,69,TR,,36
89,70,TR,2,29
89,71,TR,,3
89,73,TR,,3
89,74,TR,1,16
89,75,TR,1,48
89,76,TR,2,29
89,77,TR,,32
89,78,TR,1,8
89,79,TR,,13
89,80,TR,1,16
89,81,TR,2,16
89,83,TR,,7
89,84,TR,,5
89,85,TR,,2
89,86,TR,,5
89,94,TR,,10
89,102,TR,,15
89,103,TR,,4
89,104,TR,,3
89,105,TR,,1
89,113,TR,1,12
89,114,TR,1,15
89,115,TR,,10
89,117,TR,,18
89,119,TR,1,
89,120,TR,,11
89,121,TR,,1
89,122,TR,2,12
89,123,TR,2,29
89,124,TR,1,20
89,126,TR,,6
90,0,TR,,18
90,1,TR,2,42
90,2,TR,2,36
90,3,TR,,47
90,4,TR,,68
90,5,TR,,17
90,6,TR,,5
90,7,TR,,20
90,8,TR,,9
90,9,TR,,1
90,10,TR,,15
90,12,TR,,3
90,13,TR,2,33
90,14,TR,2,45
90,15,TR,2,68
90,16,TR,2,22
90,17,TR,2,47
90,18,TR,1,23
90,19,TR,1,43
90,20,TR,1,41
90,21,TR,2,17
90,22,TR,2,9
90,23,TR,1,29
90,24,TR,2,29
90,25,TR,2,37
90,26,TR,2,24
90,27,TR,2,20
90,28,TR,2,11
90,29,TR,,20
90,30,TR,,26
90,31,TR,2,38
90,32,TR,2,58
90,33,TR,2,54
90,34,TR,2,34
90,35,TR,2,36
90,36,TR,2,51
90,37,TR,2,41
90,38,TR,2,47
90,39,TR,2,50
90,40,TR,2,48
90,41,TR,2,41
90,42,TR,2,54
90,43,TR,2,40
90,44,TR,2,54
90,45,TR,2,51
90,46,TR,2,33
90,47,TR,2,45
90,48,TR,2,21
90,49,TR,2,33
90,50,TR,2,60
90,51,TR,2,56
90,52,TR,2,66
90,53,TR,2,63
90,54,TR,2,55
90,55,TR,2,46
90,56,TR,2,57
90,57,TR,2,56
90,58,TR,2,55
90,59,TR,2,38
90,60,TR,1,21
90,61,TR,2,27
90,62,TR,2,30
90,63,TR,2,14
90,64,TR,2,54
90,65,TR,,30
90,66,TR,2,20
90,67,TR,2,17
90,68,TR,2,
90,69,TR,2,13
90,70,TR,2,13
90,74,TR,1,24
90,75,TR,1,24
90,76,TR,2,44
90,77,TR,,13
90,78,TR,,4
90,79,TR,,13
90,80,TR,,1
90,82,TR,,8
90,83,TR,,24
90,94,TR,,12
90,100,TR,,9
90,101,TR,,4
90,103,TR,,2
90,104,TR,,8
90,105,TR,,25
90,106,TR,1,32
90,107,TR,,20
90,108,TR,,26
90,109,TR,,5
90,110,TR,,15
90,111,TR,,17
90,112,TR,,13
90,113,TR,1,14
90,114,TR,1,
90,117,TR,,4
90,118,TR,,13
90,119,TR,,10
90,120,TR,,18
90,121,TR,,14
90,123,TR,,11
90,124,TR,1,38
90,125,TR,,14
90,126,TR,,5
90,127,TR,,22
91,0,TR,,22
91,1,TR,2,33
91,2,TR,1,30
91,3,TR,2,31
91,4,TR,,34
91,5,TR,,19
91,6,TR,,20
91,7,TR,,4
91,8,TR,,8
91,9,TR,,3
91,12,TR,,4
91,13,TR,2,27
91,14,TR,2,55
91,15,TR,2,66
91,16,TR,2,54
91,17,TR,1,51
91,18,TR,2,20
91,19,TR,,39
91,20,TR,2,12
91,21,TR,2,9
91,22,TR,2,9
91,23,TR,2,3
91,24,TR,2,14
91,25,TR,,18
91,26,TR,,10
91,27,TR,2,40
91,28,TR,2,29
91,29,TR,2,35
91,30,TR,2,29
91,31,TR,2,31
91,32,TR,2,50
91,33,TR,2,54
91,34,TR,2,50
91,35,TR,2,42
91,36,TR,2,33
91,37,TR,2,26
91,38,TR,2,37
91,39,TR,2,46
91,40,TR,2,57
91,41,TR,2,50
91,42,TR,2,54
91,43,TR,2,29
91,44,TR,2,18
91,45,TR,2,32
91,46,TR,2,44
91,47,TR,2,49
91,48,TR,2,35
91,49,TR,2,48
91,50,TR,2,60
91,51,TR,2,29
91,52,TR,2,38
91,53,TR,2,61
91,54,TR,2,47
91,55,TR,2,28
91,56,TR,2,68
91,57,TR,1,60
91,58,TR,2,53
91,59,TR,2,64
91,60,TR,2,57
91,61,TR,1,43
91,62,TR,2,56
91,63,TR,2,58
91,64,TR,2,46
91,65,TR,,45
91,66,TR,2,38
91,67,TR,2,44
91,68,TR,2,18
91,69,TR,2,40
91,70,TR,,2
91,74,TR,,5
91,75,TR,1,33
91,76,TR,2,33
91,77,TR,,10
91,78,TR,,7
91,79,TR,,14
91,85,TR,,1
91,92,TR,,1
91,96,TR,,3
91,100,TR,,7
91,101,TR,,3
91,103,TR,,2
91,104,TR,,7
91,105,TR,,19
91,106,TR,1,26
91,107,TR,1,19
91,108,TR,1,11
91,109,TR,1,17
91,110,TR,1,31
91,111,TR,1,25
91,112,TR,1,25
91,113,TR,1,19
91,114,TR,,26
91,117,TR,,1
91,118,TR,,2
91,119,TR,,11
91,120,TR,,33
91,121,TR,,29
91,123,TR,1,1
91,124,TR,1,22
91,125,TR,,10
91,126,TR,,23
91,127,TR,,32
92,0,TR,2,35
92,1,TR,2,31
92,2,TR,,32
92,3,TR,2,57
92,4,TR,2,38
92,5,TR,2,54
92,6,TR,,31
92,7,TR,,35
92,8,TR,,21
92,9,TR,,24
92,10,TR,,7
92,12,TR,2,38
92,13,TR,2,50
92,14,TR,1,36
92,15,TR,2,42
92,16,TR,2,63
92,17,TR,2,59
92,18,TR,2,61
92,19,TR,,36
92,20,TR,2,6
92,21,TR,2,10
92,22,TR,2,12
92,23,TR,2,1
92,24,TR,,2
92,25,TR,2,22
92,26,TR,,17
92,27,TR,,14
92,28,TR,2,39
92,29,TR,2,41
92,30,TR,2,41
92,31,TR,2,48
92,32,TR,2,32
92,33,TR,2,40
92,34,TR,2,37
92,35,TR,2,32
92,36,TR,2,36
92,37,TR,2,61
92,38,TR,2,45
92,39,TR,2,41
92,40,TR,2,60
92,41,TR,2,13
92,42,TR,2,14
92,43,TR,,51
92,44,TR,2,37
92,45,TR,,6
92,46,TR,2,38
92,47,TR,2,33
92,48,TR,2,41
92,49,TR,2,14
92,50,TR,2,32
92,51,TR,2,60
92,52,TR,2,55
92,53,TR,2,57
92,54,TR,2,55
92,55,TR,2,61
92,56,TR,2,55
92,57,TR,2,58
92,58,TR,2,63
92,59,TR,1,53
92,60,TR,1,22
92,61,TR,,15
92,62,TR,1,40
92,63,TR,2,58
92,64,TR,2,52
92,65,TR,2,46
92,66,TR,,10
92,67,TR,,2
92,68,TR,2,23
92,69,TR,2,23
92,70,TR,2,12
92,72,TR,,1
92,75,TR,1,21
92,76,TR,2,30
92,82,TR,,6
92,83,TR,,5
92,84,TR,,6
92,85,TR,,8
92,88,TR,,7
92,89,TR,,1
92,92,TR,,13
92,93,TR,,15
92,96,TR,,26
92,105,TR,,4
92,106,TR,,5
92,107,TR,,9
92,108,TR,,16
92,109,TR,1,11
92,110,TR,1,39
92,111,TR,1,18
92,112,TR,1,19
92,113,TR,1,22
92,117,TR,,4
92,118,TR,,13
92,119,TR,1,34
92,120,TR,1,16
92,121,TR,,9
92,122,TR,,1
92,123,TR,1,15
92,124,TR,1,21
92,125,TR,1,15
92,126,TR,,13
92,127,TR,,9
93,0,TR,2,42
93,1,TR,2,46
93,2,TR,,19
93,3,TR,2,24
93,4,TR,2,36
93,5,TR,2,38
93,6,TR,,26
93,7,TR,,21
93,8,TR,,17
93,9,TR,,38
93,10,TR,,14
93,11,TR,,6
93,12,TR,2,47
93,13,TR,2,54
93,14,TR,2,51
93,15,TR,2,39
93,16,TR,2,38
93,17,TR,2,30
93,18,TR,2,52
93,19,TR,2,35
93,20,TR,2,19
93,21,TR,2,29
93,22,TR,2,22
93,23,TR,2,16
93,24,TR,,9
93,25,TR,2,11
93,26,TR,2,20
93,27,TR,2,12
93,28,TR,2,46
93,29,TR,2,47
93,30,TR,2,58
93,31,TR,2,22
93,32,TR,2,24
93,33,TR,2,37
93,34,TR,2,35
93,35,TR,2,28
93,36,TR,2,19
93,37,TR,2,45
93,38,TR,2,32
93,39,TR,2,29
93,40,TR,2,24
93,41,TR,2,47
93,42,TR,2,59
93,43,TR,2,51
93,44,TR,2,49
93,45,TR,2,12
93,46,TR,2,53
93,47,TR,2,57
93,48,TR,2,54
93,49,TR,2,50
93,50,TR,2,44
93,51,TR,2,55
93,52,TR,2,61
93,53,TR,2,60
93,54,TR,2,61
93,55,TR,2,65
93,56,TR,2,65
93,57,TR,2,45
93,58,TR,2,55
93,59,TR,2,29
93,60,TR,2,12
93,61,TR,,6
93,62,TR,1,22
93,63,TR,1,41
93,64,TR,1,38
93,65,TR,2,10
93,67,TR,,2
93,68,TR,2,26
93,69,TR,2,22
93,70,TR,,6
93,71,TR,,2
93,72,TR,,2
93,73,TR,,1
93,74,TR,,2
93,75,TR,2,25
93,76,TR,2,42
93,78,TR,,9
93,79,TR,,14
93,80,TR,,4
93,81,TR,,6
93,82,TR,,22
93,83,TR,,2
93,84,TR,,3
93,85,TR,,1
93,88,TR,,3
93,92,TR,,24
93,93,TR,,7
93,95,TR,,14
93,96,TR,,2
93,105,TR,,7
93,106,TR,,13
93,108,TR,,5
93,109,TR,1,17
93,110,TR,1,42
93,111,TR,1,43
93,112,TR,1,16
93,113,TR,1,29
93,116,TR,,2
93,117,TR,,7
93,118,TR,,11
93,119,TR,1,34
93,120,TR,1,34
93,121,TR,,20
93,122,TR,,9
93,123,TR,,10
93,124,TR,1,32
93,125,TR,1,19
93,126,TR,1,43
93,127,TR,1,35
94,0,TR,2,56
94,1,TR,2,59
94,2,TR,2,40
94,3,TR,2,54
94,4,TR,,41
94,5,TR,,40
94,6,TR,2,23
94,7,TR,2,57
94,8,TR,,39
94,9,TR,,24
94,10,TR,,7
94,11,TR,2,22
94,12,TR,2,64
94,13,TR,2,56
94,14,TR,2,67
94,15,TR,2,70
94,16,TR,2,52
94,17,TR,2,31
94,18,TR,2,10
94,19,TR,2,40
94,20,TR,2,32
94,21,TR,2,27
94,22,TR,1,24
94,23,TR,,4
94,24,TR,2,22
94,25,TR,2,31
94,26,TR,2,25
94,27,TR,2,24
94,28,TR,2,22
94,29,TR,2,54
94,30,TR,2,65
94,31,TR,2,40
94,32,TR,2,30
94,33,TR,2,41
94,34,TR,2,27
94,35,TR,2,39
94,36,TR,2,16
94,37,TR,2,25
94,38,TR,2,42
94,39,TR,2,25
94,40,TR,2,32
94,41,TR,2,62
94,42,TR,2,65
94,43,TR,2,59
94,44,TR,2,41
94,45,TR,2,63
94,46,TR,2,62
94,47,TR,2,61
94,48,TR,2,41
94,49,TR,2,34
94,50,TR,2,41
94,51,TR,2,59
94,52,TR,2,62
94,53,TR,2,56
94,54,TR,2,51
94,55,TR,2,56
94,56,TR,2,63
94,57,TR,2,37
94,58,TR,2,48
94,59,TR,2,6
94,60,TR,2,16
94,61,TR,2,21
94,62,TR,2,20
94,63,TR,1,22
94,64,TR,1,35
94,65,TR,,23
94,66,TR,,1
94,68,TR,2,
94,69,TR,2,8
94,70,TR,,7
94,71,TR,2,4
94,72,TR,,5
94,73,TR,,6
94,74,TR,1,9
94,75,TR,1,25
94,76,TR,,41
94,78,TR,,28
94,79,TR,,5
94,89,TR,,5
94,90,TR,,5
94,101,TR,,9
94,105,TR,,5
94,106,TR,,10
94,108,TR,1,11
94,109,TR,1,36
94,110,TR,,39
94,111,TR,,26
94,112,TR,1,22
94,113,TR,1,36
94,114,TR,,19
94,115,TR,,15
94,116,TR,,7
94,117,TR,1,12
94,118,TR,,7
94,119,TR,,18
94,120,TR,,21
94,121,TR,1,10
94,122,TR,1,23
94,123,TR,1,19
94,124,TR,1,21
94,125,TR,2,35
94,126,TR,2,41
94,127,TR,2,41
95,0,TR,2,33
95,1,TR,2,48
95,2,TR,2,57
95,3,TR,2,64
95,4,TR,2,49
95,5,TR,2,43
95,6,TR,,50
95,7,TR,,36
95,8,TR,2,49
95,9,TR,2,8
95,11,TR,2,30
95,12,TR,2,54
95,13,TR,2,60
95,14,TR,2,66
95,15,TR,2,65
95,16,TR,2,58
95,17,TR,2,33
95,18,TR,2,26
95,19,TR,2,12
95,20,TR,2,48
95,21,TR,2,46
95,22,TR,1,16
95,23,TR,,7
95,24,TR,2,26
95,25,TR,2,26
95,26,TR,2,32
95,27,TR,2,31
95,28,TR,2,15
95,29,TR,2,35
95,30,TR,2,43
95,31,TR,2,33
95,32,TR,2,34
95,33,TR,,23
95,34,TR,2,33
95,35,TR,2,23
95,36,TR,2,53
95,37,TR,2,55
95,38,TR,2,49
95,39,TR,2,56
95,40,TR,2,38
95,41,TR,2,46
95,42,TR,2,56
95,43,TR,2,55
95,44,TR,2,38
95,45,TR,2,30
95,46,TR,2,29
95,47,TR,2,63
95,48,TR,2,27
95,49,TR,2,57
95,50,TR,2,40
95,51,TR,2,36
95,52,TR,2,51
95,53,TR,2,58
95,54,TR,2,59
95,55,TR,2,65
95,56,TR,2,54
95,57,TR,2,25
95,58,TR,2,35
95,59,TR,,17
95,60,TR,,13
95,61,TR,2,25
95,62,TR,2,28
95,63,TR,2,32
95,64,TR,2,31
95,65,TR,,11
95,66,TR,,11
95,67,TR,,19
95,68,TR,,4
95,69,TR,,6
95,70,TR,2,10
95,71,TR,,3
95,72,TR,,7
95,73,TR,2,16
95,74,TR,1,24
95,75,TR,1,34
95,76,TR,,20
95,77,TR,1,23
95,78,TR,,11
95,79,TR,,6
95,80,TR,,6
95,81,TR,,19
95,85,TR,,2
95,86,TR,,6
95,87,TR,,15
95,89,TR,,9
95,90,TR,,1
95,91,TR,,2
95,92,TR,,1
95,101,TR,,2
95,106,TR,,19
95,107,TR,,13
95,108,TR,,17
95,109,TR,1,5
95,110,TR,,21
95,111,TR,,4
95,112,TR,1,8
95,113,TR,2,25
95,114,TR,2,17
95,115,TR,,25
95,116,TR,,8
95,117,TR,1,17
95,118,TR,1,17
95,119,TR,1,28
95,120,TR,,18
95,121,TR,1,46
95,122,TR,1,20
95,123,TR,1,23
95,124,TR,,17
95,125,TR,,35
95,126,TR,,19
95,127,TR,,6
96,0,TR,2,16
96,1,TR,2,30
96,2,TR,2,37
96,3,TR,2,63
96,4,TR,2,35
96,5,TR,2,54
96,6,TR,2,38
96,7,TR,2,37
96,8,TR,2,12
96,9,TR,,21
96,10,TR,,18
96,11,TR,2,54
96,12,TR,2,48
96,13,TR,2,57
96,14,TR,1,57
96,15,TR,2,69
96,16,TR,2,66
96,17,TR,2,54
96,18,TR,2,45
96,19,TR,2,49
96,20,TR,2,32
96,21,TR,2,32
96,22,TR,2,20
96,23,TR,1,16
96,24,TR,2,39
96,25,TR,2,46
96,26,TR,2,51
96,27,TR,2,41
96,28,TR,2,36
96,29,TR,2,31
96,30,TR,2,39
96,31,TR,2,30
96,32,TR,2,17
96,33,TR,,23
96,34,TR,,18
96,35,TR,2,25
96,36,TR,2,26
96,37,TR,2,44
96,38,TR,2,63
96,39,TR,2,57
96,40,TR,2,50
96,41,TR,2,51
96,42,TR,2,46
96,43,TR,2,51
96,44,TR,2,40
96,45,TR,2,43
96,46,TR,2,38
96,47,TR,2,56
96,48,TR,2,44
96,49,TR,2,75
96,50,TR,,15
96,52,TR,,11
96,53,TR,2,47
96,54,TR,2,46
96,55,TR,2,39
96,56,TR,2,34
96,57,TR,2,28
96,58,TR,2,30
96,59,TR,2,43
96,60,TR,2,32
96,61,TR,2,28
96,62,TR,2,18
96,63,TR,2,9
96,64,TR,,10
96,65,TR,,14
96,68,TR,2,2
96,69,TR,2,11
96,70,TR,2,3
96,71,TR,2,3
96,72,TR,2,3
96,73,TR,2,32
96,74,TR,1,47
96,75,TR,,37
96,76,TR,,12
96,77,TR,1,32
96,78,TR,,16
96,79,TR,,10
96,80,TR,,10
96,81,TR,,15
96,83,TR,,11
96,85,TR,,31
96,86,TR,1,21
96,87,TR,1,28
96,89,TR,,14
96,91,TR,,4
96,92,TR,,2
96,93,TR,,8
96,94,TR,,14
96,98,TR,,12
96,106,TR,,8
96,110,TR,1,29
96,111,TR,1,7
96,112,TR,1,12
96,113,TR,1,25
96,114,TR,2,35
96,115,TR,,18
96,116,TR,,7
96,117,TR,,7
96,118,TR,,19
96,119,TR,1,17
96,120,TR,1,36
96,121,TR,2,50
96,122,TR,,24
96,123,TR,,4
96,124,TR,,22
96,125,TR,,9
96,126,TR,1,5
96,127,TR,,8
97,0,TR,2,42
97,1,TR,2,62
97,2,TR,2,55
97,3,TR,2,44
97,4,TR,2,44
97,5,TR,2,40
97,6,TR,,51
97,7,TR,,39
97,8,TR,,20
97,9,TR,,15
97,10,TR,,17
97,11,TR,,44
97,12,TR,2,53
97,13,TR,2,60
97,14,TR,2,35
97,15,TR,2,61
97,16,TR,2,66
97,17,TR,2,58
97,18,TR,2,36
97,19,TR,2,41
97,20,TR,2,28
97,21,TR,2,44
97,22,TR,2,30
97,23,TR,2,39
97,24,TR,2,57
97,25,TR,2,28
97,26,TR,2,54
97,27,TR,2,16
97,28,TR,2,17
97,29,TR,2,31
97,30,TR,2,27
97,31,TR,2,14
97,32,TR,2,5
97,33,TR,,30
97,34,TR,,3
97,35,TR,2,4
97,36,TR,2,44
97,37,TR,2,33
97,38,TR,2,54
97,39,TR,2,52
97,40,TR,2,70
97,41,TR,2,51
97,42,TR,2,47
97,43,TR,2,43
97,44,TR,2,52
97,45,TR,2,39
97,46,TR,2,50
97,47,TR,2,55
97,48,TR,2,47
97,49,TR,2,64
97,50,TR,,11
97,51,TR,2,51
97,52,TR,2,52
97,53,TR,2,38
97,54,TR,2,37
97,55,TR,2,43
97,56,TR,2,31
97,57,TR,2,34
97,58,TR,2,33
97,59,TR,2,57
97,60,TR,,12
97,61,TR,2,12
97,62,TR,2,10
97,63,TR,2,1
97,64,TR,2,15
97,65,TR,,5
97,69,TR,2,3
97,70,TR,2,3
97,71,TR,2,11
97,72,TR,,10
97,73,TR,,31
97,74,TR,1,26
97,75,TR,,13
97,76,TR,,10
97,77,TR,1,18
97,78,TR,1,32
97,83,TR,,3
97,84,TR,,21
97,85,TR,,7
97,86,TR,,13
97,87,TR,,28
97,88,TR,,25
97,91,TR,,4
97,92,TR,,25
97,93,TR,1,31
97,94,TR,1,27
97,95,TR,,3
97,98,TR,,1
97,103,TR,,1
97,104,TR,,2
97,105,TR,,3
97,110,TR,,1
97,111,TR,1,
97,112,TR,,4
97,113,TR,1,6
97,114,TR,1,35
97,115,TR,1,10
97,116,TR,,8
97,117,TR,,9
97,118,TR,1,14
97,119,TR,1,47
97,120,TR,,38
97,121,TR,1,38
97,122,TR,,31
97,124,TR,,1
98,0,TR,2,50
98,1,TR,2,61
98,2,TR,2,67
98,3,TR,2,59
98,4,TR,2,48
98,5,TR,2,31
98,6,TR,,41
98,7,TR,,49
98,8,TR,2,38
98,9,TR,2,37
98,10,TR,2,56
98,11,TR,2,58
98,12,TR,2,31
98,13,TR,2,46
98,14,TR,2,64
98,15,TR,2,49
98,16,TR,2,54
98,17,TR,2,68
98,18,TR,1,32
98,19,TR,2,22
98,20,TR,2,20
98,21,TR,2,24
98,22,TR,2,35
98,23,TR,2,46
98,24,TR,2,45
98,25,TR,2,41
98,26,TR,2,40
98,27,TR,2,37
98,28,TR,2,44
98,29,TR,2,36
98,30,TR,2,13
98,31,TR,2,7
98,32,TR,,1
98,33,TR,,13
98,34,TR,2,13
98,35,TR,2,20
98,36,TR,2,53
98,37,TR,2,60
98,38,TR,2,52
98,39,TR,2,57
98,40,TR,2,61
98,41,TR,2,55
98,42,TR,2,61
98,43,TR,2,60
98,44,TR,2,54
98,45,TR,2,40
98,46,TR,2,36
98,47,TR,2,26
98,48,TR,2,35
98,49,TR,2,50
98,50,TR,2,35
98,51,TR,2,54
98,52,TR,2,50
98,53,TR,2,63
98,54,TR,2,55
98,55,TR,2,33
98,56,TR,2,33
98,57,TR,2,35
98,58,TR,2,26
98,59,TR,,15
98,60,TR,,22
98,61,TR,,8
98,62,TR,2,9
98,63,TR,2,10
98,64,TR,,4
98,65,TR,,2
98,66,TR,,2
98,67,TR,,1
98,69,TR,2,3
98,70,TR,2,3
98,71,TR,2,17
98,72,TR,2,11
98,73,TR,,12
98,74,TR,1,39
98,77,TR,1,
98,78,TR,1,12
98,83,TR,,2
98,84,TR,,22
98,85,TR,,5
98,86,TR,,13
98,87,TR,,19
98,88,TR,,10
98,89,TR,,4
98,90,TR,,21
98,91,TR,,12
98,92,TR,1,24
98,93,TR,1,26
98,94,TR,1,30
98,95,TR,,3
98,103,TR,,18
98,104,TR,,12
98,105,TR,,4
98,106,TR,,1
98,108,TR,,1
98,110,TR,,8
98,112,TR,,7
98,114,TR,1,21
98,115,TR,,9
98,117,TR,,6
98,118,TR,,4
98,119,TR,2,21
98,120,TR,,38
98,121,TR,,22
98,122,TR,1,18
98,123,TR,,1
98,127,TR,,10
99,0,TR,2,46
99,1,TR,2,43
99,2,TR,2,55
99,3,TR,2,62
99,4,TR,2,52
99,5,TR,2,34
99,6,TR,,59
99,7,TR,2,8
99,8,TR,2,
99,9,TR,2,9
99,10,TR,2,11
99,11,TR,2,28
99,12,TR,2,66
99,13,TR,2,57
99,14,TR,2,56
99,15,TR,2,47
99,16,TR,2,65
99,17,TR,1,69
99,18,TR,1,35
99,19,TR,,15
99,20,TR,2,36
99,21,TR,2,41
99,22,TR,2,46
99,23,TR,2,46
99,24,TR,2,22
99,25,TR,,9
99,26,TR,2,30
99,27,TR,2,24
99,28,TR,2,21
99,29,TR,2,20
99,30,TR,2,21
99,31,TR,,1
99,32,TR,2,7
99,33,TR,2,17
99,34,TR,,25
99,35,TR,2,36
99,36,TR,2,48
99,37,TR,2,50
99,38,TR,2,49
99,39,TR,2,49
99,40,TR,2,18
99,41,TR,2,62
99,42,TR,2,42
99,43,TR,2,48
99,44,TR,2,39
99,45,TR,2,37
99,46,TR,2,36
99,47,TR,2,35
99,48,TR,2,39
99,49,TR,2,32
99,50,TR,2,19
99,51,TR,2,38
99,52,TR,2,61
99,53,TR,2,68
99,54,TR,2,45
99,55,TR,2,32
99,56,TR,,32
99,57,TR,,38
99,58,TR,,23
99,59,TR,,2
99,60,TR,,3
99,61,TR,,4
99,62,TR,2,10
99,63,TR,2,3
99,64,TR,,6
99,65,TR,,2
99,66,TR,,15
99,67,TR,,14
99,68,TR,,5
99,69,TR,2,22
99,70,TR,2,16
99,71,TR,2,12
99,72,TR,1,18
99,73,TR,,37
99,74,TR,,14
99,75,TR,1,
99,77,TR,1,
99,78,TR,1,2
99,79,TR,,4
99,82,TR,,13
99,83,TR,,5
99,86,TR,,6
99,87,TR,,15
99,88,TR,,5
99,89,TR,,27
99,90,TR,,11
99,91,TR,,9
99,92,TR,1,28
99,93,TR,1,33
99,94,TR,1,6
99,95,TR,,4
99,103,TR,1,5
99,104,TR,,22
99,105,TR,,1
99,106,TR,,17
99,107,TR,1,
99,108,TR,,15
99,109,TR,1,16
99,110,TR,1,13
99,111,TR,,4
99,112,TR,,6
99,114,TR,,17
99,115,TR,1,20
99,116,TR,,21
99,117,TR,,16
99,119,TR,2,22
99,121,TR,,8
99,122,TR,1,30
99,123,TR,,21
99,125,TR,,7
99,126,TR,1,9
99,127,TR,1,29
100,0,TR,1,44
100,1,TR,1,52
100,2,TR,2,59
100,3,TR,2,64
100,4,TR,2,56
100,5,TR,1,43
100,6,TR,2,47
100,7,TR,,35
100,8,TR,2,7
100,9,TR,2,20
100,10,TR,2,27
100,11,TR,2,33
100,12,TR,2,70
100,13,TR,2,53
100,14,TR,2,54
100,15,TR,2,51
100,16,TR,2,55
100,17,TR,1,63
100,18,TR,2,42
100,19,TR,2,29
100,20,TR,2,19
100,21,TR,2,40
100,22,TR,2,60
100,23,TR,2,55
100,24,TR,2,26
100,25,TR,,10
100,26,TR,2,11
100,27,TR,2,45
100,28,TR,2,31
100,29,TR,2,28
100,30,TR,,13
100,32,TR,,6
100,33,TR,2,23
100,34,TR,2,22
100,35,TR,2,24
100,36,TR,2,19
100,37,TR,2,17
100,38,TR,2,33
100,39,TR,2,32
100,40,TR,2,48
100,41,TR,2,35
100,42,TR,2,31
100,43,TR,2,59
100,44,TR,2,30
100,45,TR,2,58
100,46,TR,2,24
100,47,TR,2,30
100,48,TR,2,18
100,49,TR,2,33
100,50,TR,2,51
100,51,TR,2,35
100,52,TR,2,55
100,53,TR,2,51
100,54,TR,1,43
100,55,TR,2,46
100,56,TR,2,54
100,57,TR,2,51
100,58,TR,,41
100,60,TR,,1
100,61,TR,,1
100,62,TR,,8
100,63,TR,,2
100,64,TR,,5
100,65,TR,,7
100,66,TR,,21
100,67,TR,2,29
100,68,TR,2,29
100,69,TR,2,12
100,70,TR,2,15
100,71,TR,2,19
100,72,TR,2,24
100,73,TR,,23
100,74,TR,,16
100,82,TR,,8
100,83,TR,,3
100,84,TR,,2
100,85,TR,,7
100,86,TR,1,23
100,87,TR,1,14
100,88,TR,1,19
100,89,TR,1,47
100,90,TR,1,18
100,91,TR,,24
100,92,TR,,36
100,93,TR,,32
100,94,TR,1,6
100,95,TR,,5
100,96,TR,,7
100,97,TR,1,8
100,98,TR,1,4
100,99,TR,,13
100,100,TR,,2
100,101,TR,1,5
100,102,TR,1,27
100,103,TR,1,11
100,104,TR,1,13
100,105,TR,1,10
100,106,TR,1,20
100,107,TR,,16
100,108,TR,,22
100,109,TR,1,30
100,110,TR,1,29
100,111,TR,,12
100,112,TR,,7
100,113,TR,,20
100,114,TR,,37
100,115,TR,1,24
100,116,TR,,16
100,117,TR,,5
100,118,TR,,9
100,119,TR,,13
100,121,TR,,9
100,122,TR,1,58
100,123,TR,1,27
100,124,TR,,37
100,125,TR,,10
100,126,TR,1,12
100,127,TR,,13
101,0,TR,2,74
101,1,TR,1,50
101,2,TR,2,38
101,3,TR,2,66
101,4,TR,2,65
101,5,TR,2,39
101,6,TR,2,50
101,7,TR,2,39
101,8,TR,2,
101,9,TR,2,42
101,10,TR,2,10
101,11,TR,2,63
101,12,TR,2,70
101,13,TR,2,48
101,14,TR,2,66
101,15,TR,2,61
101,16,TR,2,62
101,17,TR,2,58
101,18,TR,2,30
101,19,TR,2,34
101,20,TR,2,39
101,21,TR,2,57
101,22,TR,2,60
101,23,TR,2,50
101,24,TR,,18
101,25,TR,2,33
101,26,TR,2,26
101,27,TR,2,37
101,28,TR,2,24
101,29,TR,,9
101,30,TR,,5
101,32,TR,,6
101,33,TR,2,7
101,34,TR,2,8
101,35,TR,2,24
101,36,TR,2,16
101,37,TR,2,10
101,38,TR,2,18
101,39,TR,2,49
101,40,TR,2,52
101,41,TR,2,19
101,42,TR,2,19
101,43,TR,2,31
101,44,TR,2,41
101,45,TR,2,30
101,46,TR,2,32
101,47,TR,2,35
101,48,TR,2,53
101,49,TR,2,34
101,50,TR,2,45
101,51,TR,2,29
101,52,TR,2,43
101,53,TR,1,13
101,54,TR,1,26
101,55,TR,2,48
101,56,TR,2,39
101,57,TR,,16
101,58,TR,,23
101,60,TR,,9
101,61,TR,,10
101,62,TR,,7
101,65,TR,,3
101,66,TR,,16
101,67,TR,2,40
101,68,TR,2,27
101,69,TR,2,26
101,70,TR,1,15
101,71,TR,2,13
101,72,TR,2,10
101,73,TR,2,26
101,74,TR,,11
101,81,TR,,16
101,83,TR,,1
101,84,TR,,19
101,85,TR,1,20
101,86,TR,1,22
101,87,TR,1,46
101,88,TR,1,22
101,89,TR,1,13
101,90,TR,1,5
101,91,TR,,17
101,92,TR,,13
101,93,TR,1,
101,94,TR,1,11
101,95,TR,1,23
101,96,TR,,23
101,97,TR,1,28
101,98,TR,1,11
101,99,TR,1,15
101,100,TR,1,20
101,101,TR,1,15
101,102,TR,1,19
101,103,TR,1,23
101,104,TR,1,25
101,105,TR,1,31
101,106,TR,1,23
101,107,TR,1,11
101,108,TR,,26
101,109,TR,1,27
101,110,TR,,12
101,111,TR,1,17
101,112,TR,,3
101,113,TR,,8
101,114,TR,1,26
101,115,TR,,18
101,116,TR,,31
101,117,TR,,15
101,118,TR,,6
101,119,TR,,2
101,122,TR,1,10
101,123,TR,1,36
101,124,TR,1,32
101,125,TR,1,19
101,126,TR,,28
101,127,TR,,14
102,0,TR,2,37
102,1,TR,2,67
102,2,TR,2,54
102,3,TR,2,69
102,4,TR,2,63
102,5,TR,2,58
102,6,TR,2,5
102,7,TR,2,48
102,8,TR,,21
102,9,TR,2,69
102,10,TR,2,30
102,11,TR,2,51
102,12,TR,2,65
102,13,TR,2,66
102,14,TR,2,67
102,15,TR,2,59
102,16,TR,2,65
102,17,TR,1,64
102,18,TR,1,31
102,19,TR,2,12
102,20,TR,2,43
102,21,TR,2,34
102,22,TR,2,58
102,23,TR,2,30
102,24,TR,2,45
102,25,TR,2,46
102,26,TR,2,34
102,27,TR,2,32
102,28,TR,2,32
102,29,TR,2,23
102,30,TR,2,36
102,31,TR,2,7
102,32,TR,2,13
102,33,TR,2,10
102,34,TR,2,13
102,35,TR,2,7
102,36,TR,,13
102,37,TR,,17
102,38,TR,2,12
102,39,TR,2,38
102,40,TR,2,47
102,41,TR,2,48
102,42,TR,2,45
102,43,TR,2,49
102,44,TR,2,36
102,45,TR,2,29
102,46,TR,2,44
102,47,TR,2,35
102,48,TR,2,53
102,49,TR,2,54
102,50,TR,2,39
102,51,TR,2,20
102,52,TR,2,33
102,53,TR,2,10
102,54,TR,2,23
102,55,TR,2,26
102,56,TR,2,19
102,57,TR,,2
102,60,TR,2,4
102,61,TR,2,10
102,62,TR,,4
102,63,TR,,9
102,64,TR,2,7
102,65,TR,2,23
102,66,TR,2,19
102,67,TR,2,23
102,68,TR,2,24
102,69,TR,2,24
102,70,TR,2,28
102,71,TR,2,9
102,72,TR,2,9
102,73,TR,,4
102,74,TR,,2
102,76,TR,,21
102,79,TR,,4
102,80,TR,,26
102,81,TR,,9
102,83,TR,,4
102,84,TR,1,14
102,85,TR,1,26
102,86,TR,1,20
102,87,TR,1,39
102,88,TR,1,30
102,89,TR,1,29
102,90,TR,1,32
102,91,TR,1,34
102,92,TR,1,19
102,93,TR,1,36
102,94,TR,1,30
102,95,TR,1,15
102,96,TR,1,17
102,97,TR,1,9
102,98,TR,1,14
102,99,TR,,14
102,100,TR,,31
102,101,TR,,14
102,102,TR,,18
102,103,TR,,10
102,104,TR,1,32
102,105,TR,,9
102,106,TR,,5
102,107,TR,,4
102,108,TR,,10
102,109,TR,,13
102,110,TR,,9
102,111,TR,,32
102,112,TR,,20
102,113,TR,,25
102,114,TR,1,7
102,115,TR,1,2
102,116,TR,,6
102,117,TR,,17
102,119,TR,,1
102,120,TR,,7
102,122,TR,,1
102,123,TR,1,25
102,124,TR,1,25
102,125,TR,,34
102,126,TR,,11
102,127,TR,,12
103,0,TR,2,36
103,1,TR,2,66
103,2,TR,2,58
103,3,TR,2,41
103,4,TR,2,55
103,5,TR,1,56
103,6,TR,2,10
103,7,TR,2,27
103,8,TR,2,32
103,9,TR,2,62
103,10,TR,2,38
103,11,TR,2,44
103,12,TR,1,64
103,13,TR,1,79
103,14,TR,2,73
103,15,TR,2,66
103,16,TR,2,63
103,17,TR,2,45
103,18,TR,2,8
103,19,TR,2,27
103,20,TR,2,29
103,21,TR,2,33
103,22,TR,2,24
103,23,TR,,3
103,24,TR,,14
103,25,TR,2,9
103,26,TR,,22
103,27,TR,2,21
103,28,TR,2,9
103,29,TR,2,27
103,30,TR,2,39
103,31,TR,2,19
103,32,TR,2,13
103,33,TR,2,18
103,34,TR,2,11
103,35,TR,,11
103,36,TR,,20
103,37,TR,2,23
103,38,TR,2,18
103,39,TR,2,15
103,40,TR,2,49
103,41,TR,2,45
103,42,TR,2,68
103,43,TR,2,58
103,44,TR,2,53
103,45,TR,2,16
103,46,TR,2,32
103,47,TR,2,32
103,48,TR,2,34
103,49,TR,1,15
103,50,TR,1,36
103,51,TR,2,32
103,53,TR,2,13
103,54,TR,2,33
103,55,TR,2,31
103,56,TR,2,16
103,60,TR,,8
103,61,TR,2,7
103,62,TR,2,14
103,63,TR,2,8
103,64,TR,2,8
103,65,TR,2,23
103,66,TR,2,16
103,67,TR,2,37
103,68,TR,2,24
103,69,TR,2,29
103,70,TR,2,23
103,71,TR,2,28
103,72,TR,2,23
103,73,TR,,6
103,74,TR,,5
103,79,TR,,10
103,80,TR,,17
103,81,TR,,8
103,83,TR,1,9
103,84,TR,1,23
103,85,TR,1,23
103,86,TR,1,17
103,87,TR,,16
103,88,TR,,21
103,89,TR,1,38
103,90,TR,1,48
103,91,TR,1,22
103,92,TR,1,28
103,93,TR,1,40
103,94,TR,1,29
103,95,TR,1,29
103,96,TR,1,22
103,97,TR,,9
103,98,TR,,19
103,99,TR,,5
103,100,TR,,27
103,101,TR,,31
103,102,TR,,3
103,103,TR,,9
103,104,TR,1,16
103,105,TR,,8
103,106,TR,1,15
103,107,TR,,10
103,110,TR,1,20
103,111,TR,,25
103,112,TR,,19
103,113,TR,,13
103,114,TR,,6
103,115,TR,1,6
103,116,TR,,11
103,119,TR,1,3
103,120,TR,1,26
103,121,TR,,10
103,122,TR,,12
103,123,TR,,19
103,124,TR,1,23
103,125,TR,,16
104,0,TR,2,50
104,1,TR,2,57
104,2,TR,2,50
104,3,TR,1,50
104,4,TR,1,49
104,5,TR,1,51
104,6,TR,,22
104,7,TR,2,18
104,8,TR,2,43
104,9,TR,2,40
104,10,TR,2,32
104,11,TR,2,34
104,12,TR,2,53
104,13,TR,2,73
104,14,TR,2,54
104,15,TR,2,55
104,16,TR,2,71
104,17,TR,2,45
104,18,TR,,20
104,19,TR,1,24
104,20,TR,1,37
104,21,TR,2,36
104,22,TR,,24
104,23,TR,,35
104,24,TR,2,27
104,25,TR,2,30
104,26,TR,2,16
104,27,TR,2,40
104,28,TR,2,26
104,29,TR,2,15
104,30,TR,2,32
104,31,TR,2,26
104,32,TR,2,26
104,33,TR,2,24
104,34,TR,,10
104,35,TR,2,4
104,36,TR,2,31
104,37,TR,2,48
104,38,TR,2,33
104,39,TR,2,28
104,40,TR,2,38
104,41,TR,2,43
104,42,TR,2,51
104,43,TR,2,38
104,44,TR,2,51
104,45,TR,2,37
104,46,TR,2,44
104,47,TR,2,23
104,48,TR,2,20
104,49,TR,2,50
104,50,TR,2,29
104,51,TR,,11
104,52,TR,,16
104,53,TR,2,24
104,54,TR,2,36
104,55,TR,2,14
104,56,TR,,1
104,59,TR,,9
104,60,TR,2,18
104,61,TR,2,20
104,62,TR,2,31
104,64,TR,,17
104,65,TR,,11
104,66,TR,2,3
104,67,TR,2,26
104,68,TR,2,36
104,69,TR,2,33
104,70,TR,2,25
104,71,TR,2,22
104,72,TR,2,19
104,73,TR,,1
104,80,TR,,3
104,81,TR,,5
104,82,TR,,5
104,83,TR,1,14
104,84,TR,1,23
104,85,TR,1,29
104,86,TR,1,36
104,87,TR,1,43
104,88,TR,1,44
104,89,TR,1,34
104,90,TR,1,28
104,91,TR,1,21
104,92,TR,1,27
104,93,TR,1,16
104,94,TR,1,2
104,95,TR,1,7
104,96,TR,1,15
104,97,TR,,18
104,98,TR,,17
104,99,TR,1,18
104,100,TR,1,29
104,101,TR,1,22
104,102,TR,,30
104,103,TR,1,22
104,104,TR,1,17
104,105,TR,,16
104,106,TR,1,19
104,107,TR,1,35
104,108,TR,1,17
104,109,TR,,22
104,110,TR,1,21
104,111,TR,1,18
104,112,TR,,8
104,113,TR,,13
104,114,TR,,19
104,115,TR,,25
104,116,TR,,2
104,117,TR,,4
104,118,TR,,13
104,119,TR,,19
104,120,TR,1,15
104,121,TR,1,22
104,122,TR,1,11
104,123,TR,1,29
104,124,TR,1,9
104,125,TR,,38
104,126,TR,,6
105,0,TR,2,32
105,1,TR,2,53
105,2,TR,,35
105,3,TR,,37
105,4,TR,1,28
105,5,TR,2,67
105,6,TR,2,68
105,7,TR,2,37
105,8,TR,2,40
105,9,TR,2,44
105,10,TR,2,50
105,11,TR,2,49
105,12,TR,2,59
105,13,TR,2,67
105,14,TR,2,54
105,15,TR,2,27
105,16,TR,2,67
105,17,TR,2,33
105,18,TR,1,12
105,19,TR,1,35
105,20,TR,,35
105,21,TR,2,21
105,22,TR,2,8
105,23,TR,,20
105,24,TR,,45
105,25,TR,2,26
105,26,TR,2,13
105,27,TR,2,38
105,28,TR,2,40
105,29,TR,2,34
105,30,TR,2,44
105,31,TR,2,33
105,32,TR,2,23
105,33,TR,,10
105,34,TR,,10
105,35,TR,2,18
105,36,TR,2,18
105,37,TR,2,29
105,38,TR,2,40
105,39,TR,2,29
105,40,TR,2,67
105,41,TR,2,60
105,42,TR,2,56
105,43,TR,2,42
105,44,TR,2,53
105,45,TR,2,39
105,46,TR,,8
105,47,TR,2,8
105,48,TR,2,11
105,49,TR,2,41
105,50,TR,2,53
105,51,TR,2,11
105,52,TR,2,28
105,53,TR,2,45
105,54,TR,,35
105,55,TR,,5
105,58,TR,,1
105,59,TR,2,29
105,60,TR,2,12
105,61,TR,2,34
105,62,TR,,55
105,63,TR,2,15
105,64,TR,2,31
105,65,TR,2,36
105,66,TR,2,28
105,67,TR,2,34
105,68,TR,2,30
105,69,TR,2,33
105,70,TR,1,22
105,71,TR,,16
105,72,TR,2,
105,80,TR,,11
105,81,TR,1,29
105,82,TR,1,13
105,83,TR,1,10
105,84,TR,1,33
105,85,TR,1,38
105,86,TR,1,35
105,87,TR,1,43
105,88,TR,1,50
105,89,TR,1,32
105,90,TR,1,36
105,91,TR,1,26
105,92,TR,1,20
105,93,TR,1,20
105,94,TR,1,6
105,95,TR,1,18
105,96,TR,,17
105,97,TR,,10
105,98,TR,,19
105,99,TR,1,24
105,100,TR,1,32
105,101,TR,1,17
105,102,TR,1,33
105,103,TR,1,29
105,104,TR,1,27
105,105,TR,1,17
105,106,TR,2,34
105,107,TR,1,41
105,108,TR,1,43
105,109,TR,1,41
105,110,TR,1,33
105,111,TR,1,20
105,112,TR,,6
105,114,TR,,15
105,117,TR,,9
105,118,TR,1,17
105,119,TR,1,36
105,120,TR,1,37
105,121,TR,1,9
105,122,TR,1,11
105,123,TR,1,30
105,124,TR,1,15
106,0,TR,2,49
106,1,TR,2,41
106,2,TR,2,53
106,3,TR,2,45
106,4,TR,1,52
106,5,TR,1,62
106,6,TR,2,64
106,7,TR,2,32
106,8,TR,2,50
106,9,TR,2,17
106,10,TR,2,44
106,11,TR,2,68
106,12,TR,2,64
106,13,TR,2,45
106,14,TR,2,43
106,15,TR,2,28
106,16,TR,2,62
106,17,TR,2,58
106,18,TR,2,42
106,19,TR,,41
106,20,TR,,23
106,21,TR,2,17
106,22,TR,2,52
106,23,TR,2,28
106,24,TR,1,39
106,25,TR,,33
106,26,TR,2,21
106,27,TR,2,17
106,28,TR,2,7
106,29,TR,2,14
106,30,TR,2,17
106,31,TR,2,21
106,32,TR,2,12
106,33,TR,2,21
106,34,TR,2,31
106,35,TR,2,34
106,36,TR,2,29
106,37,TR,2,33
106,38,TR,2,22
106,39,TR,2,19
106,40,TR,2,31
106,41,TR,2,25
106,42,TR,2,27
106,43,TR,2,38
106,44,TR,2,28
106,45,TR,2,35
106,46,TR,2,13
106,47,TR,2,5
106,48,TR,2,35
106,49,TR,2,37
106,50,TR,2,45
106,51,TR,2,48
106,52,TR,2,50
106,53,TR,2,41
106,54,TR,,13
106,58,TR,,1
106,59,TR,2,29
106,60,TR,2,39
106,61,TR,2,47
106,62,TR,2,52
106,63,TR,2,39
106,64,TR,2,28
106,65,TR,2,32
106,66,TR,2,32
106,67,TR,2,33
106,68,TR,2,27
106,69,TR,2,24
106,70,TR,2,29
106,71,TR,,16
106,78,TR,,2
106,79,TR,,31
106,80,TR,,4
106,81,TR,1,
106,82,TR,1,1
106,83,TR,1,18
106,84,TR,1,22
106,85,TR,1,29
106,86,TR,1,33
106,87,TR,1,31
106,88,TR,1,60
106,89,TR,1,42
106,90,TR,1,48
106,91,TR,1,31
106,92,TR,1,25
106,93,TR,1,30
106,94,TR,1,23
106,95,TR,1,15
106,96,TR,1,9
106,97,TR,1,11
106,98,TR,1,28
106,99,TR,1,47
106,100,TR,1,16
106,101,TR,1,33
106,102,TR,1,37
106,103,TR,1,16
106,104,TR,1,28
106,105,TR,1,29
106,106,TR,2,36
106,107,TR,1,32
106,108,TR,1,33
106,109,TR,1,27
106,110,TR,1,28
106,111,TR,1,21
106,112,TR,,8
106,114,TR,,19
106,115,TR,,6
106,116,TR,,8
106,117,TR,,11
106,119,TR,,6
106,120,TR,1,32
106,121,TR,1,32
106,122,TR,1,14
106,123,TR,1,30
106,124,TR,1,30
106,125,TR,,14
106,126,TR,,7
106,127,TR,,9
107,0,TR,1,52
107,1,TR,2,59
107,2,TR,2,60
107,3,TR,2,51
107,4,TR,2,53
107,5,TR,1,60
107,6,TR,,72
107,7,TR,1,76
107,8,TR,1,57
107,9,TR,2,38
107,10,TR,2,52
107,11,TR,2,68
107,12,TR,,31
107,13,TR,2,46
107,14,TR,2,48
107,15,TR,2,38
107,16,TR,2,54
107,17,TR,2,49
107,18,TR,2,46
107,19,TR,2,55
107,20,TR,2,55
107,21,TR,2,31
107,22,TR,2,35
107,23,TR,2,38
107,24,TR,1,41
107,25,TR,2,16
107,26,TR,2,37
107,27,TR,2,22
107,28,TR,2,26
107,29,TR,2,18
107,30,TR,2,16
107,31,TR,2,31
107,32,TR,2,9
107,33,TR,2,18
107,34,TR,2,34
107,35,TR,2,31
107,36,TR,,9
107,37,TR,2,5
107,38,TR,2,27
107,39,TR,2,12
107,40,TR,2,34
107,41,TR,2,38
107,42,TR,2,57
107,43,TR,2,33
107,44,TR,2,31
107,45,TR,2,51
107,46,TR,2,36
107,47,TR,2,22
107,48,TR,2,38
107,49,TR,2,52
107,50,TR,2,40
107,51,TR,2,49
107,52,TR,,38
107,53,TR,,13
107,56,TR,,2
107,57,TR,2,9
107,58,TR,2,9
107,59,TR,,5
107,60,TR,2,40
107,61,TR,,42
107,62,TR,2,31
107,63,TR,2,35
107,64,TR,2,32
107,65,TR,2,33
107,66,TR,2,24
107,67,TR,2,28
107,68,TR,2,20
107,69,TR,2,24
107,70,TR,,15
107,71,TR,,1
107,77,TR,,1
107,78,TR,,3
107,79,TR,,5
107,82,TR,1,16
107,83,TR,1,8
107,84,TR,1,25
107,85,TR,1,28
107,86,TR,1,14
107,87,TR,1,30
107,88,TR,1,46
107,89,TR,1,39
107,90,TR,1,45
107,91,TR,1,30
107,92,TR,1,17
107,93,TR,1,22
107,94,TR,1,27
107,95,TR,1,13
107,96,TR,1,19
107,97,TR,1,22
107,98,TR,1,38
107,99,TR,1,42
107,100,TR,1,36
107,101,TR,1,39
107,102,TR,,11
107,103,TR,1,13
107,104,TR,1,16
107,105,TR,2,30
107,106,TR,2,39
107,107,TR,2,21
107,108,TR,1,21
107,109,TR,1,29
107,110,TR,1,19
107,111,TR,1,42
107,112,TR,1,31
107,113,TR,,26
107,114,TR,,10
107,115,TR,,1
107,116,TR,,19
107,117,TR,,15
107,120,TR,,4
107,121,TR,,22
107,122,TR,1,8
107,123,TR,1,55
107,124,TR,1,21
107,125,TR,,16
107,126,TR,,4
108,0,TR,,27
108,1,TR,2,50
108,2,TR,2,70
108,3,TR,2,68
108,4,TR,2,41
108,5,TR,2,62
108,6,TR,,48
108,7,TR,,72
108,8,TR,1,50
108,9,TR,1,56
108,10,TR,2,78
108,11,TR,,64
108,12,TR,,34
108,13,TR,,21
108,14,TR,2,49
108,15,TR,2,60
108,16,TR,2,55
108,17,TR,2,56
108,18,TR,2,49
108,19,TR,2,26
108,20,TR,2,58
108,21,TR,2,69
108,22,TR,2,45
108,23,TR,2,18
108,24,TR,2,18
108,25,TR,2,12
108,26,TR,2,54
108,27,TR,2,12
108,28,TR,2,29
108,29,TR,2,37
108,30,TR,2,41
108,31,TR,2,9
108,32,TR,2,25
108,33,TR,2,25
108,34,TR,2,36
108,35,TR,,15
108,37,TR,,3
108,38,TR,2,39
108,39,TR,2,24
108,40,TR,2,55
108,41,TR,2,28
108,42,TR,2,37
108,43,TR,2,38
108,44,TR,2,29
108,45,TR,2,50
108,46,TR,2,35
108,47,TR,2,26
108,48,TR,2,22
108,49,TR,2,32
108,50,TR,2,28
108,51,TR,2,44
108,52,TR,2,42
108,53,TR,,8
108,55,TR,,1
108,56,TR,2,27
108,57,TR,2,19
108,58,TR,2,29
108,59,TR,2,35
108,60,TR,2,57
108,61,TR,,39
108,62,TR,2,22
108,63,TR,2,4
108,64,TR,2,21
108,65,TR,2,35
108,66,TR,2,31
108,67,TR,2,34
108,68,TR,,10
108,69,TR,2,12
108,70,TR,,2
108,77,TR,,8
108,78,TR,,7
108,79,TR,,9
108,81,TR,,4
108,82,TR,1,14
108,83,TR,,15
108,84,TR,1,14
108,85,TR,,5
108,86,TR,1,12
108,87,TR,1,43
108,88,TR,1,27
108,89,TR,1,36
108,90,TR,1,22
108,91,TR,1,29
108,92,TR,1,22
108,93,TR,1,15
108,94,TR,1,25
108,95,TR,1,26
108,96,TR,,32
108,97,TR,1,38
108,98,TR,1,24
108,99,TR,1,20
108,100,TR,1,21
108,101,TR,1,17
108,102,TR,,15
108,103,TR,,10
108,105,TR,,15
108,106,TR,,26
108,107,TR,,26
108,108,TR,1,35
108,109,TR,1,36
108,110,TR,1,41
108,111,TR,1,42
108,112,TR,1,38
108,113,TR,1,42
108,114,TR,1,18
108,115,TR,,13
108,116,TR,,13
108,117,TR,,2
108,121,TR,,9
108,122,TR,1,2
108,123,TR,1,62
108,124,TR,1,27
108,125,TR,,8
109,0,TR,,18
109,1,TR,2,42
109,2,TR,2,55
109,3,TR,2,60
109,4,TR,2,69
109,5,TR,2,59
109,6,TR,,53
109,7,TR,2,57
109,8,TR,1,58
109,9,TR,1,56
109,10,TR,2,66
109,11,TR,2,67
109,12,TR,2,66
109,13,TR,2,67
109,14,TR,2,57
109,15,TR,2,61
109,16,TR,2,60
109,17,TR,2,46
109,18,TR,2,55
109,19,TR,2,37
109,20,TR,2,45
109,21,TR,2,56
109,22,TR,2,38
109,23,TR,2,20
109,24,TR,2,9
109,25,TR,2,24
109,26,TR,2,55
109,27,TR,2,33
109,28,TR,2,29
109,29,TR,2,35
109,30,TR,2,18
109,31,TR,2,34
109,32,TR,2,41
109,33,TR,2,47
109,34,TR,2,25
109,35,TR,,3
109,36,TR,,8
109,37,TR,,8
109,38,TR,2,47
109,39,TR,2,38
109,40,TR,,33
109,41,TR,,1
109,42,TR,2,26
109,43,TR,2,62
109,44,TR,2,53
109,45,TR,2,45
109,46,TR,2,39
109,47,TR,2,12
109,48,TR,2,34
109,49,TR,2,26
109,50,TR,,13
109,51,TR,2,11
109,52,TR,2,27
109,53,TR,,15
109,55,TR,2,18
109,56,TR,2,11
109,57,TR,2,19
109,58,TR,2,42
109,59,TR,2,35
109,60,TR,2,50
109,61,TR,2,14
109,62,TR,2,14
109,63,TR,2,15
109,64,TR,2,28
109,65,TR,2,31
109,66,TR,2,31
109,67,TR,2,29
109,68,TR,2,24
109,69,TR,,6
109,75,TR,,3
109,76,TR,,2
109,78,TR,,7
109,79,TR,,17
109,81,TR,,4
109,82,TR,,27
109,83,TR,,15
109,84,TR,,4
109,85,TR,,2
109,87,TR,,15
109,88,TR,1,37
109,89,TR,1,27
109,90,TR,,13
109,91,TR,1,2
109,92,TR,1,9
109,93,TR,1,26
109,94,TR,1,27
109,95,TR,1,8
109,96,TR,,30
109,97,TR,,21
109,98,TR,1,17
109,99,TR,1,40
109,100,TR,1,18
109,101,TR,,5
109,102,TR,,7
109,103,TR,,22
109,106,TR,,16
109,107,TR,1,21
109,108,TR,1,31
109,109,TR,,19
109,110,TR,1,10
109,111,TR,1,22
109,112,TR,1,40
109,113,TR,1,47
109,114,TR,1,55
109,115,TR,1,45
109,116,TR,,30
109,117,TR,1,13
109,118,TR,,23
109,119,TR,,3
109,120,TR,,2
109,121,TR,,5
109,122,TR,,2
109,123,TR,1,51
109,124,TR,,10
110,0,TR,2,45
110,1,TR,2,44
110,2,TR,2,58
110,3,TR,2,33
110,4,TR,1,54
110,5,TR,2,53
110,6,TR,2,50
110,7,TR,2,37
110,8,TR,2,51
110,9,TR,2,63
110,10,TR,2,55
110,11,TR,2,37
110,12,TR,2,57
110,13,TR,2,71
110,14,TR,2,34
110,15,TR,2,39
110,16,TR,2,56
110,17,TR,2,52
110,18,TR,2,52
110,19,TR,2,25
110,20,TR,2,39
110,21,TR,2,38
110,22,TR,2,38
110,23,TR,2,57
110,24,TR,,23
110,25,TR,,12
110,26,TR,2,42
110,27,TR,2,18
110,28,TR,2,24
110,29,TR,2,26
110,30,TR,,5
110,31,TR,,23
110,32,TR,2,36
110,33,TR,2,23
110,34,TR,2,9
110,35,TR,2,17
110,36,TR,2,33
110,37,TR,,7
110,38,TR,,15
110,39,TR,2,10
110,40,TR,,11
110,42,TR,,1
110,43,TR,2,32
110,44,TR,2,23
110,45,TR,2,30
110,46,TR,2,30
110,47,TR,,19
110,48,TR,2,3
110,51,TR,,9
110,54,TR,2,10
110,55,TR,2,33
110,56,TR,,1
110,57,TR,2,14
110,58,TR,2,30
110,59,TR,2,29
110,60,TR,2,56
110,61,TR,2,14
110,62,TR,2,22
110,63,TR,2,43
110,64,TR,2,38
110,65,TR,2,25
110,66,TR,2,38
110,67,TR,2,36
110,68,TR,2,2
110,69,TR,,1
110,75,TR,,10
110,76,TR,,6
110,81,TR,,12
110,82,TR,1,25
110,83,TR,1,24
110,84,TR,,26
110,85,TR,,19
110,87,TR,,32
110,88,TR,1,39
110,89,TR,1,47
110,90,TR,1,42
110,91,TR,1,32
110,92,TR,1,27
110,93,TR,1,8
110,94,TR,1,28
110,95,TR,,8
110,97,TR,1,21
110,98,TR,1,16
110,99,TR,,22
110,100,TR,,6
110,101,TR,,4
110,102,TR,,20
110,103,TR,,2
110,105,TR,,4
110,106,TR,,17
110,107,TR,1,11
110,108,TR,1,35
110,109,TR,,19
110,110,TR,,9
110,111,TR,,8
110,112,TR,1,14
110,113,TR,1,27
110,114,TR,1,38
110,115,TR,1,51
110,116,TR,1,31
110,117,TR,1,23
110,118,TR,,13
110,119,TR,,3
110,120,TR,,14
110,121,TR,,1
110,123,TR,,9
110,124,TR,,12
110,126,TR,,10
111,0,TR,2,37
111,1,TR,2,45
111,2,TR,2,67
111,3,TR,2,68
111,4,TR,2,58
111,5,TR,2,66
111,6,TR,2,65
111,7,TR,2,63
111,8,TR,2,59
111,9,TR,2,40
111,10,TR,2,51
111,11,TR,2,25
111,12,TR,2,69
111,13,TR,2,61
111,14,TR,2,48
111,15,TR,2,38
111,16,TR,2,37
111,17,TR,2,37
111,18,TR,2,55
111,19,TR,2,47
111,20,TR,2,33
111,21,TR,2,36
111,22,TR,2,28
111,23,TR,2,41
111,24,TR,,12
111,25,TR,2,3
111,26,TR,2,7
111,27,TR,,10
111,28,TR,,2
111,29,TR,2,5
111,30,TR,,12
111,31,TR,,28
111,32,TR,,22
111,33,TR,,1
111,34,TR,2,8
111,35,TR,2,17
111,36,TR,2,42
111,37,TR,,12
111,42,TR,,13
111,43,TR,,3
111,44,TR,2,3
111,45,TR,2,24
111,46,TR,2,18
111,47,TR,,3
111,51,TR,,1
111,53,TR,,4
111,54,TR,2,31
111,55,TR,2,25
111,57,TR,,9
111,58,TR,2,17
111,59,TR,2,44
111,60,TR,2,25
111,61,TR,2,21
111,62,TR,2,33
111,63,TR,2,32
111,64,TR,2,33
111,65,TR,2,24
111,66,TR,2,32
111,67,TR,,10
111,68,TR,,4
111,69,TR,,1
111,80,TR,,7
111,81,TR,,27
111,82,TR,,22
111,83,TR,1,20
111,84,TR,1,26
111,85,TR,1,13
111,86,TR,1,21
111,87,TR,,18
111,88,TR,1,37
111,89,TR,1,28
111,90,TR,1,27
111,91,TR,1,33
111,92,TR,1,30
111,93,TR,1,25
111,94,TR,,10
111,95,TR,,14
111,96,TR,,9
111,97,TR,,21
111,98,TR,1,21
111,99,TR,,20
111,101,TR,,1
111,102,TR,,5
111,105,TR,,7
111,106,TR,,19
111,107,TR,,1
111,108,TR,,8
111,109,TR,,5
111,111,TR,,5
111,112,TR,,17
111,113,TR,1,22
111,114,TR,1,17
111,115,TR,1,41
111,116,TR,1,40
111,117,TR,1,47
111,118,TR,,23
111,119,TR,,12
111,120,TR,,2
111,121,TR,,13
111,122,TR,,6
111,123,TR,,6
111,124,TR,,9
111,125,TR,,11
111,126,TR,,9
111,127,TR,,15
112,0,TR,2,30
112,1,TR,1,60
112,2,TR,2,69
112,3,TR,1,65
112,4,TR,1,42
112,5,TR,2,73
112,6,TR,1,71
112,7,TR,2,51
112,8,TR,2,54
112,9,TR,2,45
112,10,TR,2,61
112,11,TR,2,49
112,12,TR,2,68
112,13,TR,2,63
112,14,TR,2,36
112,15,TR,1,44
112,16,TR,,36
112,17,TR,2,38
112,18,TR,2,58
112,19,TR,2,46
112,20,TR,2,49
112,21,TR,2,22
112,22,TR,,17
112,23,TR,,25
112,30,TR,2,27
112,31,TR,2,26
112,32,TR,,3
112,34,TR,2,18
112,35,TR,2,35
112,36,TR,2,32
112,37,TR,,4
112,43,TR,,5
112,44,TR,,4
112,45,TR,2,31
112,46,TR,2,11
112,53,TR,2,3
112,54,TR,2,18
112,55,TR,2,8
112,57,TR,,11
112,58,TR,2,44
112,59,TR,2,53
112,60,TR,2,43
112,61,TR,2,32
112,62,TR,2,33
112,63,TR,2,36
112,64,TR,2,31
112,65,TR,2,21
112,66,TR,2,20
112,67,TR,,2
112,68,TR,,12
112,69,TR,,1
112,80,TR,,7
112,81,TR,,5
112,82,TR,,12
112,83,TR,1,7
112,84,TR,1,19
112,85,TR,1,18
112,86,TR,,33
112,87,TR,1,20
112,88,TR,1,25
112,89,TR,1,23
112,90,TR,1,26
112,91,TR,1,42
112,92,TR,1,49
112,93,TR,1,26
112,94,TR,,6
112,95,TR,,23
112,96,TR,1,24
112,97,TR,,11
112,98,TR,1,8
112,99,TR,,7
112,105,TR,,6
112,106,TR,,6
112,108,TR,,6
112,109,TR,,6
112,111,TR,,6
112,112,TR,,9
112,114,TR,1,4
112,115,TR,1,12
112,116,TR,1,21
112,117,TR,1,37
112,118,TR,1,34
112,119,TR,,9
112,121,TR,1,13
112,122,TR,1,15
112,123,TR,1,15
112,124,TR,,2
112,125,TR,,10
112,126,TR,,4
112,127,TR,,9
113,0,TR,2,45
113,1,TR,2,60
113,2,TR,1,41
113,3,TR,1,30
113,4,TR,1,36
113,5,TR,2,71
113,6,TR,2,64
113,7,TR,2,61
113,8,TR,2,63
113,9,TR,2,67
113,10,TR,2,70
113,11,TR,2,62
113,12,TR,2,63
113,13,TR,2,56
113,14,TR,2,32
113,15,TR,1,43
113,16,TR,2,52
113,17,TR,,10
113,18,TR,2,51
113,19,TR,2,39
113,20,TR,2,21
113,21,TR,2,43
113,22,TR,2,35
113,23,TR,,36
113,24,TR,,5
113,25,TR,,6
113,30,TR,,1
113,33,TR,,2
113,34,TR,2,15
113,35,TR,2,15
113,36,TR,,1
113,45,TR,,1
113,52,TR,2,
113,53,TR,2,8
113,54,TR,2,12
113,55,TR,2,5
113,56,TR,,1
113,57,TR,2,29
113,58,TR,2,58
113,59,TR,2,64
113,60,TR,2,64
113,61,TR,2,32
113,62,TR,2,35
113,63,TR,2,20
113,64,TR,,3
113,65,TR,,9
113,66,TR,2,4
113,67,TR,2,5
113,79,TR,,11
113,80,TR,,2
113,82,TR,,20
113,83,TR,1,19
113,84,TR,1,
113,85,TR,1,22
113,86,TR,1,31
113,87,TR,1,21
113,88,TR,,31
113,89,TR,1,20
113,90,TR,1,31
113,91,TR,1,63
113,92,TR,1,46
113,93,TR,1,31
113,94,TR,1,36
113,95,TR,1,22
113,96,TR,1,4
113,97,TR,1,15
113,98,TR,1,20
113,99,TR,1,8
113,100,TR,,10
113,101,TR,,2
113,110,TR,,16
113,111,TR,,30
113,112,TR,1,39
113,113,TR,,8
113,114,TR,,18
113,116,TR,,1
113,117,TR,1,19
113,118,TR,2,30
113,119,TR,1,34
113,120,TR,,16
113,121,TR,,15
113,122,TR,,10
113,123,TR,1,23
113,124,TR,1,23
113,125,TR,,6
113,126,TR,,4
114,0,TR,,38
114,1,TR,,23
114,2,TR,1,37
114,3,TR,2,3
114,4,TR,2,44
114,5,TR,2,62
114,6,TR,2,61
114,7,TR,2,62
114,8,TR,2,58
114,9,TR,2,62
114,10,TR,2,68
114,11,TR,2,63
114,12,TR,2,55
114,13,TR,2,43
114,14,TR,2,50
114,15,TR,2,41
114,16,TR,2,54
114,17,TR,2,48
114,18,TR,2,62
114,19,TR,2,45
114,20,TR,2,12
114,21,TR,2,46
114,22,TR,2,40
114,23,TR,2,50
114,24,TR,,26
114,25,TR,,1
114,33,TR,,2
114,34,TR,2,22
114,35,TR,,8
114,52,TR,,5
114,53,TR,,3
114,54,TR,2,9
114,55,TR,2,16
114,57,TR,,30
114,58,TR,2,58
114,59,TR,2,51
114,60,TR,2,37
114,61,TR,2,49
114,62,TR,2,48
114,63,TR,1,31
114,64,TR,,9
114,65,TR,,1
114,66,TR,2,10
114,67,TR,,1
114,82,TR,,16
114,83,TR,1,19
114,84,TR,1,7
114,85,TR,1,18
114,86,TR,1,26
114,87,TR,1,39
114,88,TR,1,35
114,89,TR,,15
114,90,TR,1,28
114,91,TR,1,51
114,92,TR,1,57
114,93,TR,1,32
114,94,TR,1,38
114,95,TR,,7
114,96,TR,1,25
114,97,TR,1,39
114,98,TR,1,24
114,99,TR,1,16
114,100,TR,1,15
114,101,TR,,4
114,106,TR,,9
114,107,TR,,11
114,109,TR,,2
114,110,TR,,11
114,111,TR,1,41
114,112,TR,1,50
114,113,TR,1,40
114,114,TR,1,26
114,115,TR,,5
114,116,TR,1,23
114,117,TR,1,35
114,118,TR,,9
114,119,TR,,26
114,120,TR,1,15
114,121,TR,,19
114,122,TR,,3
114,123,TR,1,
114,124,TR,1,15
114,125,TR,,12
114,126,TR,,7
115,0,TR,,5
115,1,TR,,23
115,2,TR,,30
115,3,TR,2,23
115,4,TR,2,33
115,5,TR,2,62
115,6,TR,2,67
115,7,TR,2,66
115,8,TR,2,52
115,9,TR,2,65
115,10,TR,2,52
115,11,TR,2,49
115,12,TR,2,54
115,13,TR,2,51
115,14,TR,,35
115,15,TR,2,49
115,16,TR,2,59
115,17,TR,2,57
115,18,TR,2,48
115,19,TR,2,42
115,20,TR,2,64
115,21,TR,2,51
115,22,TR,2,22
115,23,TR,2,48
115,24,TR,,20
115,34,TR,,5
115,35,TR,,4
115,36,TR,,3
115,50,TR,2,
115,51,TR,2,2
115,52,TR,,3
115,53,TR,,23
115,54,TR,,8
115,55,TR,2,20
115,56,TR,2,25
115,57,TR,,27
115,58,TR,,30
115,59,TR,,4
115,60,TR,2,47
115,61,TR,2,65
115,62,TR,2,67
115,63,TR,2,54
115,64,TR,2,29
115,65,TR,2,23
115,66,TR,2,12
115,83,TR,1,8
115,84,TR,,25
115,85,TR,1,31
115,86,TR,1,37
115,87,TR,1,37
115,88,TR,1,15
115,89,TR,1,28
115,90,TR,1,23
115,91,TR,1,19
115,92,TR,1,33
115,93,TR,1,46
115,94,TR,1,41
115,95,TR,1,29
115,96,TR,,19
115,97,TR,1,28
115,98,TR,1,31
115,99,TR,,28
115,107,TR,1,15
115,108,TR,,25
115,109,TR,1,26
115,110,TR,1,29
115,111,TR,1,27
115,112,TR,1,40
115,113,TR,1,39
115,114,TR,1,37
115,115,TR,,6
115,116,TR,,9
115,117,TR,1,29
115,120,TR,,5
115,121,TR,,34
115,122,TR,,30
115,124,TR,,5
115,126,TR,,8
115,127,TR,,4
116,0,TR,2,35
116,1,TR,,14
116,2,TR,2,40
116,3,TR,2,11
116,4,TR,2,55
116,5,TR,2,64
116,6,TR,2,67
116,7,TR,2,57
116,8,TR,2,56
116,9,TR,2,61
116,10,TR,1,54
116,11,TR,2,44
116,12,TR,2,42
116,13,TR,2,60
116,14,TR,2,50
116,15,TR,2,52
116,16,TR,2,66
116,17,TR,2,32
116,18,TR,2,45
116,19,TR,2,37
116,20,TR,2,54
116,21,TR,2,56
116,22,TR,2,46
116,23,TR,2,51
116,24,TR,2,48
116,25,TR,,7
116,36,TR,,2
116,50,TR,2,3
116,52,TR,,13
116,53,TR,2,17
116,54,TR,2,16
116,55,TR,,26
116,56,TR,2,34
116,57,TR,2,44
116,58,TR,2,41
116,59,TR,,27
116,60,TR,2,43
116,61,TR,2,28
116,62,TR,2,46
116,63,TR,2,52
116,64,TR,2,44
116,65,TR,2,12
116,66,TR,,3
116,84,TR,,6
116,85,TR,,9
116,86,TR,,9
116,87,TR,,15
116,88,TR,,18
116,89,TR,1,10
116,90,TR,,27
116,91,TR,,6
116,92,TR,,6
116,93,TR,1,27
116,94,TR,1,39
116,95,TR,1,30
116,96,TR,1,16
116,97,TR,1,43
116,98,TR,1,29
116,99,TR,,19
116,102,TR,,4
116,103,TR,,5
116,104,TR,,5
116,106,TR,,1
116,107,TR,1,26
116,108,TR,1,29
116,109,TR,1,1
116,110,TR,1,28
116,111,TR,1,28
116,112,TR,1,13
116,113,TR,1,13
116,114,TR,,43
116,115,TR,,8
116,116,TR,,3
116,117,TR,,7
116,120,TR,,10
116,121,TR,1,14
116,122,TR,,17
116,124,TR,,3
116,126,TR,,1
116,127,TR,1,4
117,0,TR,2,37
117,1,TR,2,51
117,2,TR,2,47
117,3,TR,1,47
117,4,TR,1,60
117,5,TR,2,63
117,6,TR,2,51
117,7,TR,2,21
117,8,TR,2,66
117,9,TR,2,74
117,10,TR,1,64
117,11,TR,1,50
117,12,TR,1,43
117,13,TR,1,47
117,14,TR,2,37
117,15,TR,2,60
117,16,TR,2,55
117,17,TR,2,46
117,18,TR,2,50
117,19,TR,2,29
117,20,TR,2,42
117,21,TR,2,47
117,22,TR,2,55
117,23,TR,2,36
117,24,TR,2,19
117,25,TR,,37
117,48,TR,,1
117,49,TR,,4
117,50,TR,,4
117,53,TR,,10
117,54,TR,,31
117,55,TR,,42
117,56,TR,,35
117,57,TR,2,17
117,58,TR,2,28
117,59,TR,2,46
117,60,TR,2,31
117,61,TR,2,26
117,62,TR,2,54
117,63,TR,2,31
117,64,TR,2,63
117,65,TR,2,32
117,66,TR,,13
117,86,TR,,8
117,87,TR,1,36
117,88,TR,1,25
117,89,TR,1,5
117,90,TR,,4
117,92,TR,,8
117,93,TR,1,12
117,94,TR,1,20
117,95,TR,1,51
117,96,TR,1,25
117,97,TR,1,56
117,98,TR,1,31
117,99,TR,,41
117,101,TR,,18
117,102,TR,1,44
117,103,TR,1,51
117,104,TR,,34
117,105,TR,,10
117,106,TR,,10
117,107,TR,1,12
117,108,TR,,28
117,109,TR,1,25
117,110,TR,1,33
117,111,TR,,13
117,112,TR,,2
117,115,TR,,3
117,116,TR,,21
117,117,TR,,2
117,118,TR,1,13
117,119,TR,1,3
117,120,TR,,3
117,121,TR,1,17
117,122,TR,1,14
117,125,TR,,3
117,126,TR,1,3
117,127,TR,1,10
118,0,TR,2,37
118,1,TR,2,43
118,2,TR,2,33
118,3,TR,2,31
118,4,TR,2,58
118,5,TR,2,44
118,6,TR,1,41
118,7,TR,2,57
118,8,TR,2,62
118,9,TR,2,62
118,10,TR,2,59
118,11,TR,2,38
118,12,TR,2,69
118,13,TR,1,48
118,14,TR,2,48
118,15,TR,2,51
118,16,TR,2,53
118,17,TR,2,44
118,18,TR,2,56
118,19,TR,2,60
118,20,TR,2,49
118,21,TR,2,35
118,22,TR,2,49
118,23,TR,2,27
118,24,TR,,8
118,25,TR,,6
118,49,TR,,1
118,50,TR,,1
118,53,TR,,11
118,54,TR,,16
118,55,TR,,24
118,56,TR,,21
118,57,TR,,18
118,58,TR,2,13
118,59,TR,2,24
118,60,TR,2,6
118,61,TR,2,23
118,62,TR,2,36
118,63,TR,2,35
118,64,TR,1,40
118,65,TR,2,24
118,66,TR,,6
118,79,TR,,16
118,80,TR,,5
118,82,TR,,4
118,83,TR,,5
118,84,TR,1,2
118,85,TR,1,7
118,86,TR,1,14
118,87,TR,1,28
118,88,TR,,5
118,89,TR,,29
118,90,TR,,7
118,91,TR,,6
118,92,TR,,4
118,94,TR,,2
118,95,TR,,10
118,96,TR,1,5
118,97,TR,1,23
118,98,TR,1,31
118,99,TR,1,19
118,100,TR,1,20
118,101,TR,1,50
118,102,TR,1,60
118,103,TR,1,42
118,104,TR,1,24
118,105,TR,1,31
118,106,TR,,3
118,107,TR,,2
118,108,TR,,22
118,109,TR,,25
118,110,TR,1,9
118,111,TR,1,14
118,112,TR,,12
118,113,TR,,5
118,114,TR,,11
118,115,TR,,14
118,116,TR,,3
118,117,TR,,1
118,118,TR,,4
118,119,TR,,1
118,120,TR,,2
118,121,TR,,13
118,122,TR,,9
118,123,TR,,1
118,124,TR,,1
118,125,TR,,1
118,126,TR,,1
118,127,TR,1,2
119,0,TR,,20
119,1,TR,,33
119,2,TR,2,19
119,3,TR,2,35
119,4,TR,2,27
119,5,TR,2,24
119,6,TR,2,44
119,7,TR,2,57
119,8,TR,2,65
119,9,TR,2,57
119,10,TR,2,42
119,11,TR,2,57
119,12,TR,2,70
119,13,TR,1,60
119,14,TR,2,57
119,15,TR,2,64
119,16,TR,2,65
119,17,TR,2,50
119,18,TR,2,70
119,19,TR,2,56
119,20,TR,2,36
119,21,TR,2,21
119,22,TR,2,52
119,23,TR,2,37
119,24,TR,2,27
119,25,TR,,2
119,53,TR,,2
119,54,TR,,6
119,55,TR,2,19
119,56,TR,2,24
119,57,TR,2,12
119,58,TR,2,13
119,59,TR,2,28
119,60,TR,2,29
119,61,TR,1,32
119,62,TR,2,18
119,63,TR,1,37
119,64,TR,1,23
119,65,TR,1,11
119,66,TR,,8
119,80,TR,,4
119,81,TR,,16
119,82,TR,1,26
119,83,TR,1,32
119,84,TR,1,10
119,85,TR,1,23
119,86,TR,1,32
119,87,TR,1,28
119,88,TR,1,24
119,89,TR,,11
119,90,TR,,30
119,98,TR,1,52
119,99,TR,1,35
119,100,TR,1,38
119,101,TR,1,50
119,102,TR,1,40
119,103,TR,1,30
119,104,TR,1,22
119,105,TR,,13
119,108,TR,,1
119,109,TR,1,16
119,110,TR,,22
119,111,TR,1,14
119,112,TR,1,49
119,113,TR,,24
119,114,TR,,3
119,115,TR,,8
119,116,TR,1,13
119,117,TR,,14
119,118,TR,,9
119,119,TR,,1
119,120,TR,,4
119,121,TR,1,10
119,122,TR,,4
119,123,TR,,3
119,124,TR,,2
120,0,TR,,41
120,1,TR,,28
120,2,TR,2,30
120,3,TR,2,28
120,4,TR,2,23
120,5,TR,,9
120,6,TR,2,32
120,7,TR,2,53
120,8,TR,2,70
120,9,TR,1,58
120,10,TR,2,44
120,11,TR,2,38
120,12,TR,1,55
120,13,TR,1,38
120,14,TR,2,45
120,15,TR,2,43
120,16,TR,2,64
120,17,TR,2,52
120,18,TR,2,64
120,19,TR,2,67
120,20,TR,2,55
120,21,TR,2,35
120,22,TR,1,20
120,23,TR,2,14
120,24,TR,,15
120,51,TR,,6
120,53,TR,,1
120,54,TR,,3
120,55,TR,,4
120,56,TR,,17
120,57,TR,2,37
120,58,TR,2,40
120,59,TR,2,58
120,60,TR,1,48
120,61,TR,,20
120,62,TR,1,14
120,63,TR,1,21
120,64,TR,1,17
120,65,TR,1,6
120,66,TR,,7
120,67,TR,,5
120,73,TR,,4
120,74,TR,,5
120,75,TR,,13
120,80,TR,,1
120,81,TR,,2
120,82,TR,1,13
120,83,TR,1,25
120,84,TR,1,23
120,85,TR,1,25
120,86,TR,1,27
120,87,TR,1,26
120,88,TR,1,13
120,89,TR,,3
120,90,TR,,5
120,91,TR,1,14
120,92,TR,,9
120,93,TR,,4
120,94,TR,,15
120,97,TR,,13
120,98,TR,1,36
120,99,TR,1,52
120,100,TR,1,21
120,101,TR,1,35
120,102,TR,1,34
120,103,TR,1,44
120,104,TR,1,25
120,105,TR,,1
120,109,TR,1,16
120,110,TR,,7
120,111,TR,,1
120,112,TR,1,24
120,113,TR,1,34
120,114,TR,,30
120,115,TR,,8
120,116,TR,1,4
120,117,TR,,3
120,118,TR,,10
120,119,TR,,2
120,123,TR,,2
121,0,TR,,60
121,1,TR,,48
121,2,TR,,15
121,3,TR,,5
121,4,TR,2,30
121,5,TR,,13
121,6,TR,2,42
121,7,TR,2,60
121,8,TR,1,61
121,9,TR,1,35
121,10,TR,1,30
121,11,TR,1,34
121,12,TR,2,50
121,13,TR,2,59
121,14,TR,2,60
121,15,TR,2,47
121,16,TR,2,60
121,17,TR,2,58
121,18,TR,2,64
121,19,TR,2,61
121,20,TR,2,59
121,21,TR,2,32
121,22,TR,1,4
121,23,TR,,35
121,24,TR,,14
121,51,TR,,8
121,53,TR,,1
121,54,TR,,3
121,55,TR,,2
121,56,TR,2,20
121,57,TR,2,56
121,58,TR,2,58
121,59,TR,2,59
121,60,TR,2,49
121,61,TR,2,22
121,62,TR,1,19
121,63,TR,1,25
121,64,TR,2,16
121,65,TR,1,3
121,66,TR,,9
121,67,TR,,7
121,71,TR,,21
121,72,TR,,7
121,73,TR,,5
121,74,TR,,6
121,79,TR,,13
121,80,TR,1,2
121,82,TR,,15
121,83,TR,,12
121,84,TR,1,20
121,85,TR,1,24
121,86,TR,1,19
121,87,TR,1,24
121,88,TR,,21
121,89,TR,,8
121,90,TR,,23
121,91,TR,1,42
121,92,TR,,40
121,93,TR,1,5
121,94,TR,1,56
121,95,TR,,34
121,96,TR,1,35
121,97,TR,1,61
121,98,TR,1,63
121,99,TR,1,26
121,100,TR,1,17
121,101,TR,,25
121,102,TR,1,44
121,103,TR,,8
121,104,TR,,12
121,105,TR,,1
121,108,TR,,10
121,109,TR,1,4
121,110,TR,,15
121,112,TR,1,12
121,113,TR,1,23
121,114,TR,,9
121,116,TR,,6
121,117,TR,1,17
121,118,TR,,10
121,119,TR,,9
121,120,TR,,5
121,121,TR,,4
121,122,TR,,3
121,123,TR,1,6
121,124,TR,1,3
121,125,TR,,19
121,126,TR,,2
122,0,TR,1,54
122,1,TR,,7
122,2,TR,,8
122,3,TR,,29
122,4,TR,2,30
122,5,TR,,17
122,6,TR,2,44
122,7,TR,2,32
122,8,TR,2,60
122,9,TR,2,40
122,10,TR,2,36
122,11,TR,2,66
122,12,TR,2,73
122,13,TR,2,61
122,14,TR,2,49
122,15,TR,2,55
122,16,TR,2,41
122,17,TR,2,46
122,18,TR,2,62
122,19,TR,2,60
122,20,TR,2,54
122,21,TR,2,43
122,22,TR,2,57
122,23,TR,2,43
122,51,TR,,2
122,52,TR,,4
122,53,TR,,13
122,55,TR,2,20
122,56,TR,2,45
122,57,TR,2,39
122,58,TR,1,65
122,59,TR,,33
122,60,TR,2,19
122,61,TR,2,9
122,62,TR,1,18
122,63,TR,1,23
122,64,TR,2,24
122,65,TR,,10
122,67,TR,,1
122,68,TR,,8
122,69,TR,,3
122,70,TR,,11
122,79,TR,,15
122,80,TR,,6
122,81,TR,,6
122,82,TR,,14
122,83,TR,,6
122,84,TR,1,3
122,85,TR,1,12
122,86,TR,1,9
122,87,TR,1,17
122,88,TR,1,23
122,89,TR,1,22
122,90,TR,1,43
122,91,TR,1,46
122,92,TR,1,32
122,93,TR,1,41
122,94,TR,1,49
122,95,TR,1,47
122,96,TR,1,31
122,97,TR,1,27
122,98,TR,1,21
122,99,TR,1,21
122,100,TR,1,7
122,101,TR,,8
122,103,TR,,7
122,104,TR,,7
122,105,TR,1,18
122,106,TR,,27
122,107,TR,,15
122,108,TR,,6
122,109,TR,,6
122,110,TR,,34
122,111,TR,,45
122,112,TR,1,23
122,113,TR,,32
122,114,TR,,23
122,115,TR,1,1
122,116,TR,1,6
122,117,TR,,3
122,120,TR,,4
122,121,TR,1,8
122,122,TR,1,5
122,123,TR,1,5
122,124,TR,1,10
122,125,TR,1,11
122,126,TR,,8
122,127,TR,,4
123,0,TR,1,32
123,1,TR,1,12
123,2,TR,,47
123,3,TR,2,44
123,4,TR,2,41
123,5,TR,,11
123,6,TR,2,23
123,7,TR,2,29
123,8,TR,2,45
123,9,TR,2,51
123,10,TR,2,47
123,11,TR,2,66
123,12,TR,2,66
123,13,TR,2,49
123,14,TR,1,51
123,15,TR,2,62
123,16,TR,2,58
123,17,TR,2,48
123,18,TR,2,54
123,19,TR,2,50
123,20,TR,2,62
123,21,TR,2,49
123,22,TR,2,58
123,23,TR,2,48
123,24,TR,,10
123,48,TR,,1
123,49,TR,,1
123,51,TR,,2
123,52,TR,2,17
123,53,TR,,6
123,54,TR,,8
123,55,TR,2,13
123,56,TR,2,53
123,57,TR,2,26
123,58,TR,1,31
123,59,TR,1,19
123,60,TR,1,15
123,61,TR,1,18
123,62,TR,1,26
123,63,TR,2,16
123,64,TR,2,22
123,65,TR,,7
123,66,TR,,1
123,67,TR,,2
123,68,TR,,6
123,75,TR,,10
123,78,TR,,3
123,79,TR,,1
123,80,TR,1,10
123,81,TR,1,14
123,82,TR,1,25
123,83,TR,1,31
123,84,TR,,4
123,85,TR,1,14
123,86,TR,1,14
123,87,TR,,8
123,88,TR,1,15
123,89,TR,1,26
123,90,TR,1,36
123,91,TR,1,29
123,92,TR,1,32
123,93,TR,1,22
123,94,TR,1,21
123,95,TR,,30
123,96,TR,1,12
123,97,TR,1,25
123,98,TR,1,24
123,99,TR,,4
123,100,TR,1,7
123,101,TR,1,17
123,102,TR,,7
123,103,TR,,6
123,104,TR,,6
123,105,TR,,29
123,106,TR,,3
123,107,TR,,10
123,108,TR,,17
123,110,TR,,27
123,111,TR,,41
123,112,TR,1,28
123,113,TR,1,14
123,114,TR,1,3
123,115,TR,1,2
123,116,TR,,16
123,117,TR,,4
123,119,TR,,2
123,120,TR,,7
123,121,TR,1,10
123,122,TR,1,5
123,123,TR,,4
123,124,TR,,5
123,125,TR,,1
123,126,TR,,19
123,127,TR,,17
124,0,TR,1,48
124,1,TR,,4
124,2,TR,2,46
124,3,TR,2,65
124,4,TR,,19
124,5,TR,2,30
124,6,TR,2,56
124,7,TR,2,59
124,8,TR,2,51
124,9,TR,2,73
124,10,TR,2,67
124,11,TR,2,62
124,12,TR,2,68
124,13,TR,2,73
124,14,TR,1,71
124,15,TR,1,65
124,16,TR,2,46
124,17,TR,2,47
124,18,TR,2,57
124,19,TR,2,44
124,20,TR,2,61
124,21,TR,2,43
124,22,TR,2,58
124,23,TR,2,41
124,24,TR,,4
124,48,TR,,9
124,49,TR,,6
124,52,TR,,2
124,53,TR,,1
124,54,TR,,9
124,55,TR,2,38
124,56,TR,2,34
124,57,TR,2,30
124,58,TR,2,52
124,59,TR,1,29
124,60,TR,2,22
124,61,TR,2,21
124,62,TR,2,24
124,63,TR,2,10
124,64,TR,2,15
124,65,TR,,10
124,66,TR,,8
124,67,TR,,7
124,75,TR,,6
124,78,TR,,7
124,79,TR,,4
124,80,TR,1,13
124,81,TR,1,20
124,82,TR,1,20
124,83,TR,,6
124,84,TR,1,6
124,85,TR,1,8
124,86,TR,1,13
124,87,TR,1,16
124,88,TR,1,13
124,89,TR,1,15
124,90,TR,1,23
124,91,TR,,23
124,92,TR,,4
124,93,TR,1,11
124,94,TR,1,11
124,95,TR,,9
124,96,TR,,19
124,97,TR,1,21
124,98,TR,1,9
124,99,TR,,8
124,100,TR,,7
124,101,TR,,8
124,102,TR,,10
124,103,TR,,6
124,104,TR,,6
124,105,TR,,24
124,108,TR,,5
124,109,TR,,5
124,110,TR,,2
124,111,TR,,10
124,112,TR,,25
124,113,TR,1,16
124,114,TR,1,18
124,115,TR,,3
124,119,TR,,6
124,120,TR,1,7
124,121,TR,,5
124,122,TR,,3
124,123,TR,,21
124,124,TR,,1
124,126,TR,,4
124,127,TR,1,19
125,0,TR,1,72
125,1,TR,,39
125,2,TR,2,39
125,3,TR,2,61
125,4,TR,,26
125,5,TR,2,19
125,6,TR,2,37
125,7,TR,2,50
125,8,TR,2,61
125,9,TR,2,66
125,10,TR,2,62
125,11,TR,2,64
125,12,TR,2,72
125,13,TR,2,71
125,14,TR,1,55
125,15,TR,2,49
125,16,TR,2,16
125,17,TR,2,38
125,18,TR,2,62
125,19,TR,2,55
125,20,TR,2,53
125,21,TR,2,39
125,22,TR,2,59
125,23,TR,2,28
125,24,TR,,4
125,48,TR,,3
125,52,TR,,1
125,54,TR,1,2
125,55,TR,2,13
125,56,TR,2,26
125,57,TR,2,35
125,58,TR,2,38
125,59,TR,1,20
125,60,TR,1,24
125,61,TR,1,29
125,62,TR,2,11
125,63,TR,2,8
125,64,TR,,3
125,65,TR,,5
125,66,TR,,4
125,67,TR,,2
125,69,TR,,13
125,70,TR,,15
125,74,TR,,5
125,75,TR,1,3
125,77,TR,,4
125,78,TR,,14
125,79,TR,1,9
125,80,TR,1,6
125,81,TR,1,14
125,82,TR,1,29
125,83,TR,1,19
125,84,TR,1,4
125,85,TR,1,7
125,86,TR,1,12
125,87,TR,1,18
125,88,TR,1,16
125,89,TR,1,4
125,90,TR,1,18
125,91,TR,,25
125,92,TR,,12
125,93,TR,,13
125,94,TR,1,10
125,95,TR,,24
125,96,TR,,4
125,97,TR,,12
125,98,TR,,4
125,99,TR,,1
125,100,TR,,11
125,101,TR,,18
125,102,TR,,6
125,104,TR,,2
125,105,TR,,7
125,107,TR,,8
125,108,TR,,13
125,109,TR,,18
125,110,TR,,5
125,111,TR,,26
125,112,TR,,14
125,113,TR,1,11
125,114,TR,1,22
125,115,TR,,6
125,119,TR,,3
125,120,TR,1,4
125,121,TR,,1
125,125,TR,,13
125,126,TR,,5
126,0,TR,1,71
126,1,TR,1,42
126,2,TR,,36
126,3,TR,2,64
126,4,TR,2,71
126,5,TR,2,64
126,6,TR,2,47
126,7,TR,2,47
126,8,TR,1,38
126,9,TR,2,50
126,10,TR,2,59
126,11,TR,2,65
126,12,TR,2,68
126,13,TR,2,71
126,14,TR,2,43
126,15,TR,,28
126,16,TR,,19
126,17,TR,,19
126,18,TR,2,61
126,19,TR,2,33
126,20,TR,,17
126,21,TR,,5
126,22,TR,2,18
126,23,TR,2,35
126,24,TR,,16
126,46,TR,,7
126,48,TR,,9
126,51,TR,,8
126,53,TR,,6
126,54,TR,1,43
126,55,TR,2,51
126,56,TR,1,20
126,57,TR,1,21
126,58,TR,1,10
126,59,TR,1,19
126,60,TR,1,8
126,61,TR,1,13
126,62,TR,,6
126,65,TR,,8
126,66,TR,,5
126,69,TR,,11
126,70,TR,,9
126,73,TR,1,4
126,74,TR,,22
126,75,TR,,9
126,78,TR,1,21
126,79,TR,1,27
126,80,TR,1,18
126,81,TR,1,27
126,82,TR,1,22
126,83,TR,,15
126,84,TR,1,28
126,85,TR,1,18
126,86,TR,1,13
126,87,TR,1,13
126,88,TR,1,16
126,89,TR,1,21
126,90,TR,1,28
126,91,TR,,20
126,92,TR,,24
126,93,TR,1,
126,94,TR,,11
126,95,TR,,21
126,96,TR,,8
126,97,TR,,7
126,98,TR,,20
126,99,TR,1,1
126,100,TR,,13
126,101,TR,,8
126,102,TR,,11
126,103,TR,,8
126,104,TR,,11
126,105,TR,,17
126,106,TR,,16
126,108,TR,,9
126,109,TR,,5
126,110,TR,,2
126,111,TR,,18
126,112,TR,1,13
126,113,TR,1,14
126,114,TR,,7
126,116,TR,1,6
126,117,TR,,14
126,118,TR,,5
126,119,TR,,6
126,120,TR,,7
127,0,TR,1,20
127,1,TR,2,37
127,2,TR,2,51
127,3,TR,2,54
127,4,TR,2,67
127,5,TR,2,59
127,6,TR,2,27
127,7,TR,2,40
127,8,TR,2,45
127,9,TR,2,62
127,10,TR,2,61
127,11,TR,2,56
127,12,TR,2,60
127,13,TR,2,48
127,14,TR,2,50
127,15,TR,,26
127,16,TR,,17
127,17,TR,2,49
127,18,TR,2,58
127,19,TR,2,33
127,20,TR,2,16
127,21,TR,,1
127,23,TR,,14
127,24,TR,,2
127,27,TR,,2
127,28,TR,,1
127,46,TR,,8
127,47,TR,,7
127,48,TR,,11
127,49,TR,,2
127,51,TR,,2
127,52,TR,,6
127,53,TR,2,12
127,54,TR,2,37
127,55,TR,2,32
127,56,TR,2,29
127,57,TR,1,11
127,58,TR,1,14
127,59,TR,1,14
127,60,TR,1,9
127,61,TR,1,8
127,62,TR,,4
127,66,TR,,5
127,67,TR,,4
127,69,TR,,24
127,70,TR,,11
127,73,TR,1,7
127,74,TR,1,21
127,75,TR,1,31
127,76,TR,,9
127,78,TR,,4
127,79,TR,,10
127,80,TR,,14
127,81,TR,1,17
127,82,TR,1,30
127,83,TR,1,28
127,84,TR,1,26
127,85,TR,1,18
127,86,TR,1,19
127,87,TR,1,14
127,88,TR,2,17
127,89,TR,2,16
127,90,TR,2,19
127,91,TR,1,21
127,92,TR,,15
127,93,TR,,7
127,94,TR,,4
127,95,TR,,6
127,96,TR,,4
127,97,TR,,2
127,98,TR,,4
127,99,TR,1,1
127,100,TR,1,3
127,101,TR,,7
127,102,TR,,21
127,103,TR,,2
127,104,TR,,1
127,105,TR,,6
127,106,TR,,17
127,109,TR,1,
127,110,TR,,2
127,111,TR,1,23
127,112,TR,1,19
127,113,TR,1,6
127,116,TR,,1
127,117,TR,,13
127,118,TR,1,7
127,119,TR,,15
127,120,TR,,1
