x,y,CNTR_ID,clc
0,69,EL,20
0,70,EL,20
0,71,EL,21
0,72,EL,20
0,73,EL,28
0,74,EL,28
0,75,EL,28
0,76,EL,28
0,77,EL,21
0,78,EL,21
0,79,EL,21
0,80,EL,28
0,81,EL,3
0,82,EL,26
0,83,EL,28
0,84,EL,28
0,85,EL,28
0,86,EL,28
0,87,EL,3
0,88,EL,26
0,89,EL,26
0,90,EL,26
0,91,EL,21
0,92,EL,21
0,93,EL,28
0,94,EL,28
0,95,EL,28
0,96,EL,25
0,97,EL,21
0,98,EL,21
0,99,EL,25
0,100,EL,21
0,101,EL,21
0,102,EL,25
0,103,EL,25
0,104,EL,25
0,105,EL,25
0,106,EL,25
0,124,EL,21
0,125,EL,28
0,126,EL,28
0,127,EL,24
1,68,EL,17
1,69,EL,21
1,70,EL,20
1,71,EL,21
1,72,EL,20
1,73,EL,28
1,74,EL,28
1,75,EL,20
1,76,EL,21
1,77,EL,21
1,78,EL,21
1,79,EL,15
1,80,EL,28
1,81,EL,26
1,82,EL,28
1,83,EL,28
1,84,EL,25
1,85,EL,28
1,86,EL,28
1,87,EL,28
1,88,EL,24
1,89,EL,26
1,90,EL,25
1,91,EL,21
1,92,EL,28
1,93,EL,28
1,94,EL,28
1,95,EL,28
1,96,EL,26
1,97,EL,26
1,98,EL,26
1,99,EL,25
1,100,EL,25
1,101,EL,21
1,102,EL,25
1,103,EL,25
1,124,EL,21
1,125,EL,28
1,126,EL,28
1,127,EL,20
2,68,EL,17
2,69,EL,20
2,70,EL,2
2,71,EL,28
2,72,EL,17
2,73,EL,17
2,74,EL,28
2,75,EL,15
2,76,EL,28
2,77,EL,20
2,78,EL,20
2,79,EL,20
2,80,EL,28
2,81,EL,25
2,82,EL,25
2,83,EL,25
2,84,EL,25
2,85,EL,28
2,86,EL,28
2,87,EL,28
2,88,EL,24
2,89,EL,26
2,90,EL,25
2,91,EL,21
2,92,EL,28
2,93,EL,26
2,94,EL,26
2,95,EL,28
2,96,EL,26
2,97,EL,26
2,98,EL,26
2,99,EL,25
2,100,EL,25
2,101,EL,25
2,124,EL,21
2,125,EL,21
2,126,EL,17
2,127,EL,20
3,68,EL,20
3,69,EL,20
3,70,EL,2
3,71,EL,28
3,72,EL,17
3,73,EL,17
3,74,EL,28
3,75,EL,15
3,76,EL,28
3,77,EL,20
3,78,EL,20
3,79,EL,28
3,80,EL,25
3,81,EL,25
3,82,EL,25
3,83,EL,25
3,84,EL,25
3,85,EL,28
3,86,EL,28
3,87,EL,25
3,88,EL,25
3,89,EL,25
3,90,EL,28
3,91,EL,28
3,92,EL,26
3,93,EL,26
3,94,EL,26
3,95,EL,26
3,96,EL,26
3,97,EL,28
3,98,EL,26
3,99,EL,26
3,100,EL,25
3,108,EL,29
3,109,EL,29
3,110,EL,25
3,122,EL,28
3,123,EL,28
3,124,EL,21
3,125,EL,17
3,126,EL,17
3,127,EL,12
4,70,EL,17
4,71,EL,20
4,72,EL,21
4,73,EL,28
4,74,EL,21
4,75,EL,21
4,76,EL,17
4,77,EL,15
4,78,EL,28
4,79,EL,28
4,80,EL,25
4,81,EL,25
4,82,EL,25
4,83,EL,25
4,84,EL,28
4,85,EL,17
4,86,EL,28
4,87,EL,25
4,88,EL,25
4,92,EL,26
4,93,EL,25
4,94,EL,25
4,95,EL,28
4,97,EL,28
4,108,EL,17
4,109,EL,21
4,125,EL,28
4,126,EL,28
4,127,EL,28
5,70,EL,20
5,71,EL,20
5,72,EL,21
5,73,EL,28
5,74,EL,21
5,75,EL,21
5,76,EL,17
5,77,EL,28
5,78,EL,28
5,79,EL,25
5,80,EL,25
5,81,EL,25
5,82,EL,25
5,83,EL,25
5,84,EL,17
5,85,EL,17
5,86,EL,28
5,87,EL,28
5,93,EL,25
5,107,EL,17
5,108,EL,17
5,109,EL,17
5,112,EL,25
5,125,EL,28
5,126,EL,21
5,127,EL,21
6,71,EL,20
6,72,EL,28
6,73,EL,28
6,74,EL,28
6,75,EL,28
6,76,EL,28
6,77,EL,32
6,78,EL,29
6,79,EL,26
6,80,EL,25
6,81,EL,25
6,82,EL,29
6,83,EL,20
6,84,EL,17
6,85,EL,21
6,86,EL,21
6,87,EL,28
6,104,EL,25
6,105,EL,25
6,106,EL,25
6,107,EL,25
6,108,EL,17
6,109,EL,17
6,110,EL,25
6,111,EL,25
6,112,EL,25
6,126,EL,28
6,127,EL,11
7,71,EL,20
7,72,EL,28
7,73,EL,28
7,74,EL,28
7,75,EL,28
7,76,EL,29
7,77,EL,29
7,78,EL,29
7,79,EL,26
7,80,EL,25
7,81,EL,25
7,82,EL,29
7,83,EL,21
7,84,EL,17
7,85,EL,17
7,102,EL,21
7,103,EL,21
7,104,EL,25
7,105,EL,28
7,106,EL,25
7,107,EL,25
7,108,EL,25
7,109,EL,25
7,110,EL,25
7,111,EL,25
7,112,EL,28
7,127,EL,11
8,72,EL,28
8,73,EL,28
8,74,EL,24
8,75,EL,24
8,76,EL,29
8,77,EL,29
8,78,EL,29
8,79,EL,26
8,80,EL,25
8,81,EL,29
8,82,EL,17
8,83,EL,2
8,84,EL,24
8,85,EL,24
8,86,EL,24
8,101,EL,25
8,102,EL,25
8,103,EL,28
8,104,EL,21
8,105,EL,21
8,106,EL,25
8,107,EL,25
9,71,EL,17
9,72,EL,28
9,73,EL,24
9,74,EL,24
9,75,EL,24
9,76,EL,29
9,77,EL,21
9,78,EL,21
9,79,EL,25
9,80,EL,25
9,81,EL,12
9,82,EL,21
9,83,EL,25
9,84,EL,24
9,85,EL,24
9,86,EL,24
9,87,EL,24
9,98,EL,28
9,99,EL,28
9,102,EL,28
9,103,EL,28
9,104,EL,28
9,105,EL,28
9,106,EL,25
9,107,EL,25
9,108,EL,21
9,119,EL,28
9,120,EL,28
10,70,EL,21
10,71,EL,17
10,72,EL,28
10,73,EL,24
10,74,EL,24
10,75,EL,24
10,76,EL,29
10,77,EL,21
10,78,EL,21
10,79,EL,25
10,80,EL,20
10,81,EL,21
10,82,EL,25
10,83,EL,28
10,84,EL,28
10,85,EL,28
10,86,EL,28
10,87,EL,28
10,88,EL,24
10,97,EL,28
10,98,EL,28
10,99,EL,28
10,104,EL,28
10,105,EL,28
10,106,EL,28
10,107,EL,25
10,119,EL,28
10,120,EL,28
11,70,EL,20
11,71,EL,20
11,72,EL,28
11,73,EL,24
11,74,EL,24
11,75,EL,24
11,76,EL,29
11,77,EL,29
11,78,EL,29
11,79,EL,29
11,80,EL,21
11,81,EL,21
11,82,EL,25
11,83,EL,28
11,84,EL,24
11,85,EL,24
11,86,EL,28
11,87,EL,28
11,95,EL,28
11,96,EL,28
11,97,EL,28
11,98,EL,28
11,99,EL,28
12,41,EL,28
12,42,EL,28
12,43,EL,28
12,44,EL,28
12,45,EL,28
12,46,EL,28
12,69,EL,20
12,70,EL,28
12,71,EL,28
12,72,EL,24
12,73,EL,24
12,74,EL,24
12,75,EL,24
12,76,EL,29
12,77,EL,29
12,78,EL,21
12,79,EL,28
12,80,EL,28
12,81,EL,25
12,82,EL,28
12,83,EL,28
12,84,EL,28
12,85,EL,28
12,86,EL,25
12,93,EL,28
12,94,EL,28
12,95,EL,28
12,96,EL,21
12,97,EL,28
12,98,EL,21
12,99,EL,21
12,100,EL,21
13,38,EL,28
13,39,EL,28
13,40,EL,28
13,41,EL,28
13,42,EL,21
13,43,EL,21
13,44,EL,28
13,45,EL,28
13,46,EL,28
13,47,EL,29
13,68,EL,20
13,69,EL,20
13,70,EL,28
13,71,EL,28
13,72,EL,24
13,73,EL,24
13,74,EL,24
13,75,EL,24
13,76,EL,29
13,77,EL,29
13,78,EL,28
13,79,EL,28
13,80,EL,28
13,81,EL,28
13,82,EL,28
13,83,EL,28
13,84,EL,28
13,85,EL,25
13,93,EL,28
13,94,EL,28
13,95,EL,28
13,96,EL,17
13,97,EL,17
13,98,EL,17
13,99,EL,2
13,100,EL,28
13,101,EL,28
14,37,EL,28
14,38,EL,28
14,39,EL,28
14,40,EL,29
14,41,EL,28
14,42,EL,21
14,43,EL,21
14,44,EL,21
14,45,EL,20
14,46,EL,28
14,47,EL,29
14,48,EL,28
14,68,EL,20
14,69,EL,28
14,70,EL,28
14,71,EL,28
14,72,EL,24
14,73,EL,24
14,74,EL,24
14,75,EL,29
14,76,EL,26
14,77,EL,26
14,78,EL,28
14,79,EL,28
14,80,EL,28
14,81,EL,32
14,82,EL,25
14,83,EL,25
14,93,EL,28
14,94,EL,28
14,95,EL,28
14,96,EL,25
14,97,EL,17
14,98,EL,17
14,99,EL,28
14,100,EL,28
14,101,EL,28
15,36,EL,28
15,37,EL,28
15,38,EL,28
15,39,EL,29
15,40,EL,21
15,41,EL,20
15,42,EL,21
15,43,EL,21
15,44,EL,2
15,45,EL,20
15,46,EL,28
15,47,EL,28
15,48,EL,28
15,49,EL,28
15,68,EL,20
15,69,EL,28
15,70,EL,28
15,71,EL,28
15,72,EL,25
15,73,EL,24
15,74,EL,24
15,75,EL,26
15,76,EL,26
15,77,EL,28
15,78,EL,28
15,79,EL,28
15,80,EL,25
15,81,EL,25
15,82,EL,28
15,83,EL,28
15,94,EL,28
15,95,EL,28
15,96,EL,28
15,97,EL,25
15,98,EL,28
15,99,EL,28
15,100,EL,28
16,36,EL,28
16,37,EL,28
16,38,EL,29
16,39,EL,21
16,40,EL,20
16,41,EL,29
16,42,EL,21
16,43,EL,28
16,44,EL,21
16,45,EL,21
16,46,EL,21
16,47,EL,23
16,48,EL,21
16,49,EL,21
16,50,EL,28
16,51,EL,28
16,68,EL,20
16,69,EL,21
16,70,EL,26
16,71,EL,26
16,72,EL,25
16,73,EL,25
16,74,EL,25
16,75,EL,21
16,76,EL,25
16,77,EL,17
16,78,EL,25
16,79,EL,25
16,80,EL,25
16,81,EL,29
16,95,EL,28
17,33,EL,28
17,34,EL,28
17,36,EL,28
17,37,EL,28
17,38,EL,20
17,39,EL,24
17,40,EL,29
17,41,EL,29
17,42,EL,21
17,43,EL,28
17,44,EL,28
17,45,EL,28
17,46,EL,28
17,47,EL,21
17,48,EL,18
17,49,EL,18
17,50,EL,28
17,51,EL,21
17,68,EL,20
17,69,EL,21
17,70,EL,26
17,71,EL,26
17,72,EL,28
17,73,EL,28
17,74,EL,21
17,75,EL,21
17,76,EL,28
17,77,EL,32
17,78,EL,25
17,79,EL,25
17,80,EL,29
18,33,EL,28
18,34,EL,28
18,35,EL,28
18,36,EL,28
18,37,EL,21
18,38,EL,29
18,39,EL,29
18,40,EL,24
18,41,EL,29
18,42,EL,28
18,43,EL,21
18,44,EL,28
18,45,EL,28
18,46,EL,17
18,47,EL,17
18,48,EL,18
18,50,EL,21
18,68,EL,18
18,69,EL,18
18,70,EL,26
18,71,EL,26
18,72,EL,28
18,73,EL,28
18,74,EL,20
18,75,EL,20
18,76,EL,28
18,77,EL,28
18,78,EL,28
18,79,EL,25
19,34,EL,28
19,35,EL,28
19,36,EL,28
19,37,EL,28
19,38,EL,28
19,39,EL,24
19,40,EL,24
19,41,EL,28
19,42,EL,28
19,43,EL,33
19,44,EL,28
19,45,EL,28
19,46,EL,17
19,47,EL,21
19,67,EL,21
19,68,EL,18
19,69,EL,21
19,70,EL,28
19,71,EL,28
19,72,EL,21
19,73,EL,21
19,74,EL,20
19,75,EL,20
19,76,EL,28
19,77,EL,28
19,78,EL,28
19,79,EL,28
19,113,EL,28
19,114,EL,28
20,30,EL,28
20,31,EL,28
20,32,EL,28
20,33,EL,28
20,34,EL,21
20,35,EL,21
20,36,EL,21
20,37,EL,28
20,38,EL,28
20,39,EL,21
20,40,EL,28
20,41,EL,28
20,42,EL,28
20,43,EL,33
20,44,EL,21
20,45,EL,21
20,68,EL,28
20,69,EL,28
20,70,EL,28
20,71,EL,28
20,72,EL,25
20,73,EL,28
20,74,EL,28
20,75,EL,24
20,76,EL,17
21,29,EL,28
21,30,EL,28
21,31,EL,28
21,32,EL,28
21,33,EL,28
21,34,EL,21
21,35,EL,21
21,36,EL,21
21,37,EL,28
21,38,EL,28
21,39,EL,28
21,40,EL,28
21,41,EL,28
21,42,EL,28
21,43,EL,28
21,44,EL,21
21,45,EL,21
21,68,EL,28
21,69,EL,28
21,70,EL,28
21,71,EL,28
21,72,EL,29
21,73,EL,29
21,74,EL,29
21,75,EL,24
22,29,EL,28
22,30,EL,28
22,31,EL,28
22,32,EL,21
22,33,EL,21
22,34,EL,21
22,35,EL,21
22,36,EL,21
22,37,EL,28
22,38,EL,28
22,39,EL,28
22,40,EL,28
22,41,EL,28
22,42,EL,28
22,43,EL,28
22,68,EL,21
22,69,EL,28
22,70,EL,28
22,71,EL,28
22,72,EL,29
22,73,EL,29
22,74,EL,29
22,75,EL,21
23,29,EL,28
23,30,EL,28
23,31,EL,28
23,32,EL,21
23,33,EL,21
23,34,EL,21
23,35,EL,21
23,36,EL,21
23,37,EL,21
23,38,EL,28
23,39,EL,28
23,40,EL,28
23,41,EL,28
23,42,EL,17
23,43,EL,17
23,68,EL,21
23,69,EL,21
23,70,EL,28
23,71,EL,28
23,72,EL,26
23,73,EL,25
23,74,EL,21
24,29,EL,28
24,30,EL,28
24,31,EL,17
24,32,EL,21
24,33,EL,29
24,34,EL,29
24,35,EL,29
24,36,EL,28
24,37,EL,28
24,38,EL,28
24,39,EL,17
24,40,EL,15
24,41,EL,15
24,42,EL,17
25,28,EL,28
25,29,EL,28
25,30,EL,28
25,31,EL,17
25,32,EL,21
25,33,EL,29
25,34,EL,29
25,35,EL,29
25,36,EL,28
25,37,EL,28
25,38,EL,17
25,39,EL,17
25,40,EL,15
25,41,EL,15
25,42,EL,15
26,27,EL,28
26,28,EL,28
26,29,EL,28
26,30,EL,28
26,31,EL,21
26,32,EL,21
26,33,EL,24
26,34,EL,28
26,35,EL,28
26,36,EL,17
26,37,EL,17
26,38,EL,17
26,39,EL,17
26,40,EL,15
26,41,EL,15
26,42,EL,17
26,43,EL,17
26,122,EL,28
26,123,EL,28
27,26,EL,28
27,27,EL,28
27,28,EL,21
27,29,EL,21
27,30,EL,21
27,31,EL,21
27,32,EL,21
27,33,EL,32
27,34,EL,28
27,35,EL,28
27,36,EL,17
27,37,EL,17
27,38,EL,17
27,39,EL,17
27,40,EL,17
27,41,EL,17
27,42,EL,17
27,43,EL,17
28,25,EL,28
28,26,EL,28
28,27,EL,28
28,28,EL,28
28,29,EL,21
28,30,EL,24
28,31,EL,21
28,32,EL,28
28,33,EL,32
28,34,EL,17
28,35,EL,17
28,36,EL,17
28,37,EL,17
28,38,EL,15
28,39,EL,15
28,40,EL,17
28,41,EL,17
28,42,EL,17
28,43,EL,17
29,25,EL,28
29,26,EL,28
29,27,EL,28
29,28,EL,28
29,29,EL,28
29,30,EL,28
29,31,EL,28
29,32,EL,17
29,33,EL,17
29,34,EL,17
29,35,EL,15
29,36,EL,17
29,37,EL,15
29,38,EL,20
29,39,EL,20
29,40,EL,17
29,41,EL,17
29,42,EL,17
29,43,EL,11
30,24,EL,21
30,25,EL,17
30,26,EL,17
30,27,EL,28
30,28,EL,28
30,29,EL,28
30,30,EL,28
30,31,EL,28
30,32,EL,17
30,33,EL,2
30,34,EL,17
30,35,EL,17
30,36,EL,15
30,37,EL,15
30,38,EL,17
30,39,EL,17
30,40,EL,2
30,41,EL,17
30,42,EL,11
31,23,EL,24
31,24,EL,21
31,25,EL,28
31,26,EL,28
31,27,EL,17
31,28,EL,28
31,29,EL,28
31,30,EL,28
31,31,EL,17
31,32,EL,17
31,33,EL,17
31,34,EL,17
31,35,EL,17
31,36,EL,15
31,37,EL,2
31,38,EL,15
31,39,EL,17
31,40,EL,2
31,41,EL,17
31,42,EL,11
32,23,EL,24
32,24,EL,28
32,25,EL,28
32,26,EL,37
32,28,EL,17
32,29,EL,17
32,30,EL,17
32,31,EL,17
32,32,EL,17
32,33,EL,17
32,34,EL,17
32,35,EL,15
32,36,EL,15
32,37,EL,15
32,38,EL,15
32,39,EL,15
32,40,EL,17
32,41,EL,11
33,22,EL,29
33,23,EL,29
33,24,EL,28
33,25,EL,24
33,29,EL,17
33,30,EL,17
33,31,EL,17
33,32,EL,17
33,33,EL,17
33,34,EL,20
33,35,EL,15
33,36,EL,15
33,37,EL,15
33,38,EL,15
33,39,EL,15
33,40,EL,17
33,41,EL,11
34,23,EL,29
34,24,EL,17
34,31,EL,17
34,32,EL,20
34,33,EL,20
34,34,EL,20
34,35,EL,20
34,36,EL,15
34,37,EL,15
34,38,EL,20
34,39,EL,20
34,40,EL,11
35,32,EL,20
35,33,EL,20
35,34,EL,12
35,35,EL,12
35,36,EL,15
35,37,EL,20
35,38,EL,17
35,39,EL,17
35,40,EL,17
36,33,EL,6
36,34,EL,6
36,35,EL,6
36,36,EL,20
36,37,EL,2
36,38,EL,21
36,121,EL,28
36,122,EL,28
36,123,EL,28
36,124,EL,28
36,125,EL,28
36,126,EL,28
36,127,EL,28
37,33,EL,11
37,34,EL,11
37,35,EL,17
37,36,EL,20
37,37,EL,5
37,115,EL,28
37,116,EL,28
37,120,EL,28
37,121,EL,28
37,122,EL,28
37,123,EL,28
37,124,EL,28
37,125,EL,28
37,126,EL,28
37,127,EL,28
38,34,EL,17
38,35,EL,17
38,36,EL,21
38,119,EL,28
38,120,EL,28
38,121,EL,28
38,122,EL,25
38,123,EL,25
38,124,EL,28
38,125,EL,25
38,126,EL,28
38,127,EL,28
39,33,EL,28
39,34,EL,28
39,35,EL,21
39,119,EL,28
39,120,EL,24
39,121,EL,28
39,122,EL,28
39,123,EL,25
39,124,EL,26
39,125,EL,26
39,126,EL,28
39,127,EL,28
40,32,EL,28
40,33,EL,28
40,34,EL,28
40,35,EL,28
40,114,EL,28
40,121,EL,32
40,122,EL,28
40,123,EL,32
40,124,EL,28
40,125,EL,28
40,126,EL,26
40,127,EL,28
41,32,EL,28
41,33,EL,28
41,34,EL,24
41,122,EL,28
41,123,EL,32
41,124,EL,28
41,125,EL,28
41,126,EL,20
41,127,EL,20
42,32,EL,17
42,33,EL,17
42,123,EL,20
42,124,EL,26
42,125,EL,25
42,126,EL,20
42,127,EL,20
43,32,EL,17
43,33,EL,17
43,116,EL,28
43,123,EL,20
43,124,EL,26
43,125,EL,12
43,126,EL,2
43,127,EL,20
44,32,EL,20
44,109,EL,26
44,110,EL,28
44,115,EL,28
44,116,EL,28
44,117,EL,28
44,118,EL,28
44,119,EL,26
44,120,EL,26
44,121,EL,26
44,122,EL,26
44,123,EL,28
44,124,EL,28
44,125,EL,26
44,126,EL,26
44,127,EL,28
45,32,EL,17
45,114,EL,28
45,115,EL,28
45,116,EL,28
45,117,EL,3
45,118,EL,28
45,119,EL,28
45,120,EL,28
45,121,EL,26
45,122,EL,26
45,123,EL,28
45,124,EL,28
45,125,EL,26
45,126,EL,26
45,127,EL,32
46,104,EL,37
46,105,EL,28
46,112,EL,37
46,113,EL,28
46,114,EL,26
46,115,EL,28
46,116,EL,28
46,117,EL,28
46,118,EL,28
46,119,EL,28
46,120,EL,28
46,121,EL,28
46,122,EL,28
46,123,EL,28
46,124,EL,28
46,125,EL,28
46,126,EL,32
46,127,EL,32
47,96,EL,28
47,102,EL,37
47,103,EL,37
47,104,EL,12
47,105,EL,12
47,110,EL,37
47,111,EL,37
47,112,EL,13
47,113,EL,37
47,114,EL,26
47,115,EL,28
47,116,EL,28
47,117,EL,28
47,118,EL,28
47,119,EL,28
47,120,EL,26
47,121,EL,28
47,122,EL,28
47,123,EL,28
47,124,EL,28
47,125,EL,28
47,126,EL,28
47,127,EL,32
48,98,EL,28
48,99,EL,28
48,102,EL,37
48,103,EL,14
48,104,EL,14
48,105,EL,14
48,106,EL,14
48,107,EL,28
48,108,EL,28
48,109,EL,28
48,110,EL,37
48,111,EL,13
48,112,EL,13
48,113,EL,13
48,114,EL,32
48,115,EL,32
48,116,EL,28
48,117,EL,28
48,118,EL,28
48,119,EL,20
48,120,EL,28
48,121,EL,28
48,122,EL,28
48,123,EL,26
48,124,EL,28
48,125,EL,26
48,126,EL,13
48,127,EL,13
49,101,EL,28
49,102,EL,14
49,103,EL,14
49,104,EL,13
49,105,EL,13
49,106,EL,13
49,107,EL,13
49,108,EL,28
49,110,EL,37
49,111,EL,13
49,112,EL,13
49,113,EL,13
49,114,EL,13
49,115,EL,32
49,116,EL,35
49,117,EL,32
49,118,EL,28
49,119,EL,20
49,120,EL,13
49,121,EL,13
49,122,EL,13
49,123,EL,28
49,124,EL,28
49,125,EL,24
49,126,EL,13
49,127,EL,13
50,100,EL,28
50,101,EL,14
50,102,EL,13
50,103,EL,13
50,104,EL,13
50,105,EL,13
50,106,EL,13
50,107,EL,13
50,108,EL,28
50,109,EL,28
50,110,EL,28
50,111,EL,13
50,112,EL,13
50,113,EL,13
50,114,EL,13
50,115,EL,13
50,116,EL,35
50,117,EL,13
50,118,EL,28
50,119,EL,13
50,120,EL,13
50,121,EL,13
50,122,EL,25
50,123,EL,25
50,124,EL,24
50,125,EL,24
50,126,EL,24
50,127,EL,24
51,98,EL,42
51,99,EL,26
51,100,EL,28
51,101,EL,14
51,102,EL,14
51,103,EL,13
51,104,EL,13
51,105,EL,13
51,106,EL,13
51,107,EL,13
51,108,EL,13
51,109,EL,28
51,110,EL,28
51,111,EL,13
51,112,EL,13
51,113,EL,13
51,114,EL,13
51,115,EL,13
51,116,EL,13
51,117,EL,13
51,118,EL,13
51,119,EL,13
51,120,EL,13
51,121,EL,25
51,122,EL,25
51,123,EL,25
51,124,EL,25
51,125,EL,25
51,126,EL,25
51,127,EL,25
52,99,EL,40
52,100,EL,13
52,101,EL,14
52,102,EL,14
52,103,EL,14
52,104,EL,13
52,105,EL,13
52,106,EL,13
52,107,EL,13
52,108,EL,13
52,109,EL,13
52,110,EL,13
52,111,EL,13
52,112,EL,13
52,113,EL,13
52,114,EL,13
52,115,EL,13
52,116,EL,13
52,117,EL,13
52,118,EL,13
52,119,EL,25
52,120,EL,28
52,121,EL,28
52,122,EL,28
52,123,EL,12
52,124,EL,25
52,125,EL,25
52,126,EL,25
52,127,EL,25
53,98,EL,42
53,99,EL,42
53,100,EL,40
53,101,EL,12
53,102,EL,12
53,103,EL,13
53,104,EL,26
53,105,EL,13
53,106,EL,13
53,107,EL,13
53,108,EL,13
53,109,EL,13
53,110,EL,28
53,111,EL,13
53,112,EL,13
53,113,EL,13
53,114,EL,13
53,115,EL,13
53,116,EL,23
53,117,EL,13
53,118,EL,13
53,119,EL,13
53,120,EL,25
53,121,EL,29
53,122,EL,29
53,123,EL,29
53,124,EL,25
53,125,EL,25
53,126,EL,25
53,127,EL,20
54,50,EL,30
54,51,EL,11
54,98,EL,42
54,99,EL,42
54,100,EL,12
54,101,EL,12
54,102,EL,14
54,103,EL,13
54,104,EL,26
54,105,EL,28
54,106,EL,13
54,107,EL,13
54,108,EL,13
54,109,EL,28
54,110,EL,28
54,111,EL,13
54,112,EL,13
54,113,EL,13
54,114,EL,13
54,115,EL,28
54,116,EL,13
54,117,EL,13
54,118,EL,13
54,119,EL,13
54,120,EL,21
54,121,EL,28
54,122,EL,29
54,123,EL,29
54,124,EL,20
54,125,EL,20
54,126,EL,20
54,127,EL,20
55,48,EL,24
55,49,EL,17
55,50,EL,17
55,51,EL,17
55,52,EL,17
55,53,EL,21
55,54,EL,21
55,55,EL,21
55,56,EL,21
55,57,EL,20
55,99,EL,42
55,100,EL,12
55,101,EL,12
55,102,EL,12
55,103,EL,13
55,104,EL,13
55,105,EL,28
55,106,EL,13
55,107,EL,13
55,108,EL,13
55,109,EL,13
55,110,EL,13
55,111,EL,13
55,112,EL,13
55,113,EL,13
55,114,EL,28
55,115,EL,28
55,116,EL,13
55,117,EL,13
55,118,EL,13
55,119,EL,25
55,120,EL,25
55,121,EL,20
55,122,EL,28
55,123,EL,29
55,124,EL,25
55,125,EL,20
55,126,EL,20
55,127,EL,12
56,47,EL,20
56,48,EL,20
56,49,EL,20
56,50,EL,20
56,51,EL,21
56,52,EL,21
56,53,EL,17
56,54,EL,17
56,55,EL,17
56,56,EL,17
56,57,EL,17
56,100,EL,35
56,101,EL,12
56,102,EL,28
56,103,EL,13
56,104,EL,13
56,105,EL,13
56,106,EL,13
56,107,EL,13
56,108,EL,13
56,109,EL,13
56,110,EL,13
56,111,EL,13
56,112,EL,28
56,113,EL,28
56,114,EL,28
56,115,EL,28
56,116,EL,20
56,117,EL,20
56,118,EL,20
56,119,EL,20
56,120,EL,28
56,121,EL,28
56,122,EL,28
56,123,EL,28
56,124,EL,25
56,125,EL,20
56,126,EL,29
56,127,EL,40
57,47,EL,20
57,48,EL,20
57,49,EL,20
57,50,EL,20
57,51,EL,21
57,52,EL,17
57,53,EL,17
57,54,EL,21
57,55,EL,21
57,56,EL,17
57,100,EL,37
57,101,EL,37
57,102,EL,14
57,103,EL,14
57,104,EL,13
57,105,EL,13
57,106,EL,13
57,107,EL,20
57,108,EL,13
57,109,EL,13
57,110,EL,13
57,111,EL,13
57,112,EL,28
57,113,EL,28
57,114,EL,28
57,115,EL,13
57,116,EL,13
57,117,EL,20
57,118,EL,20
57,119,EL,20
57,120,EL,20
57,121,EL,28
57,122,EL,13
57,123,EL,13
57,124,EL,13
57,125,EL,12
57,126,EL,12
57,127,EL,12
58,47,EL,24
58,48,EL,21
58,49,EL,21
58,50,EL,17
58,51,EL,17
58,52,EL,17
58,53,EL,17
58,54,EL,17
58,55,EL,21
58,56,EL,17
58,100,EL,42
58,101,EL,37
58,102,EL,14
58,103,EL,14
58,104,EL,14
58,105,EL,13
58,106,EL,13
58,107,EL,13
58,108,EL,13
58,109,EL,13
58,110,EL,20
58,111,EL,20
58,112,EL,13
58,113,EL,13
58,114,EL,13
58,115,EL,13
58,116,EL,13
58,117,EL,20
58,118,EL,20
58,119,EL,20
58,120,EL,20
58,121,EL,20
58,122,EL,13
58,123,EL,13
58,124,EL,13
58,125,EL,13
58,126,EL,12
58,127,EL,12
59,46,EL,24
59,47,EL,24
59,48,EL,20
59,49,EL,17
59,50,EL,17
59,51,EL,20
59,52,EL,17
59,53,EL,17
59,54,EL,17
59,55,EL,20
59,56,EL,17
59,99,EL,37
59,100,EL,42
59,101,EL,42
59,102,EL,37
59,103,EL,14
59,104,EL,14
59,105,EL,13
59,106,EL,13
59,107,EL,13
59,108,EL,13
59,109,EL,13
59,110,EL,20
59,111,EL,20
59,112,EL,20
59,113,EL,20
59,114,EL,40
59,115,EL,13
59,116,EL,20
59,117,EL,20
59,118,EL,20
59,119,EL,20
59,120,EL,20
59,121,EL,12
59,122,EL,12
59,123,EL,21
59,124,EL,13
59,125,EL,17
59,126,EL,12
59,127,EL,28
60,47,EL,30
60,48,EL,20
60,49,EL,17
60,50,EL,17
60,51,EL,17
60,52,EL,20
60,53,EL,17
60,54,EL,17
60,55,EL,20
60,56,EL,13
60,57,EL,13
60,100,EL,42
60,101,EL,42
60,102,EL,42
60,103,EL,42
60,104,EL,30
60,105,EL,42
60,106,EL,14
60,107,EL,14
60,108,EL,13
60,109,EL,13
60,110,EL,20
60,111,EL,2
60,112,EL,40
60,113,EL,16
60,114,EL,16
60,115,EL,21
60,116,EL,28
60,117,EL,28
60,118,EL,20
60,119,EL,20
60,120,EL,21
60,121,EL,21
60,122,EL,17
60,123,EL,17
60,124,EL,20
60,125,EL,17
60,126,EL,17
60,127,EL,17
61,47,EL,30
61,48,EL,17
61,49,EL,17
61,50,EL,17
61,51,EL,17
61,52,EL,17
61,53,EL,12
61,54,EL,12
61,55,EL,20
61,56,EL,13
61,57,EL,13
61,58,EL,13
61,59,EL,21
61,100,EL,42
61,101,EL,42
61,102,EL,42
61,103,EL,42
61,104,EL,42
61,105,EL,42
61,106,EL,30
61,107,EL,30
61,108,EL,13
61,109,EL,13
61,110,EL,13
61,111,EL,20
61,112,EL,16
61,113,EL,16
61,114,EL,20
61,115,EL,28
61,116,EL,28
61,117,EL,28
61,118,EL,28
61,119,EL,20
61,120,EL,21
61,121,EL,12
61,122,EL,17
61,123,EL,17
61,124,EL,17
61,125,EL,17
61,126,EL,17
61,127,EL,17
62,46,EL,29
62,47,EL,29
62,48,EL,13
62,49,EL,20
62,50,EL,20
62,51,EL,20
62,52,EL,17
62,53,EL,20
62,54,EL,20
62,55,EL,13
62,56,EL,13
62,57,EL,13
62,58,EL,13
62,59,EL,13
62,103,EL,42
62,104,EL,42
62,105,EL,42
62,106,EL,30
62,107,EL,30
62,108,EL,13
62,109,EL,13
62,110,EL,13
62,111,EL,13
62,112,EL,20
62,113,EL,20
62,114,EL,13
62,115,EL,13
62,116,EL,13
62,117,EL,20
62,118,EL,28
62,119,EL,42
62,121,EL,17
62,122,EL,17
62,123,EL,24
62,124,EL,29
62,125,EL,29
62,126,EL,23
62,127,EL,25
63,46,EL,29
63,47,EL,29
63,48,EL,13
63,49,EL,20
63,50,EL,20
63,51,EL,2
63,52,EL,13
63,53,EL,20
63,54,EL,13
63,55,EL,13
63,56,EL,13
63,57,EL,13
63,58,EL,13
63,59,EL,13
63,60,EL,13
63,104,EL,42
63,105,EL,42
63,107,EL,42
63,108,EL,30
63,109,EL,13
63,110,EL,13
63,111,EL,13
63,112,EL,20
63,113,EL,13
63,114,EL,13
63,115,EL,13
63,116,EL,13
63,117,EL,28
63,118,EL,42
63,121,EL,42
63,122,EL,24
63,123,EL,24
63,124,EL,24
63,125,EL,23
63,126,EL,23
63,127,EL,25
64,45,EL,24
64,46,EL,24
64,47,EL,13
64,48,EL,13
64,49,EL,13
64,50,EL,13
64,51,EL,13
64,52,EL,13
64,53,EL,13
64,54,EL,13
64,55,EL,13
64,56,EL,13
64,57,EL,13
64,58,EL,13
64,59,EL,13
64,60,EL,13
64,61,EL,13
64,62,EL,13
64,107,EL,30
64,108,EL,30
64,109,EL,30
64,110,EL,13
64,111,EL,13
64,112,EL,20
64,113,EL,20
64,114,EL,20
64,115,EL,13
64,116,EL,17
64,117,EL,42
64,120,EL,17
64,121,EL,20
64,122,EL,24
64,123,EL,24
64,124,EL,29
64,125,EL,23
64,126,EL,23
64,127,EL,23
65,45,EL,24
65,46,EL,40
65,47,EL,13
65,48,EL,13
65,49,EL,13
65,50,EL,13
65,51,EL,13
65,52,EL,13
65,53,EL,13
65,54,EL,13
65,55,EL,13
65,56,EL,13
65,57,EL,13
65,58,EL,13
65,59,EL,13
65,60,EL,13
65,61,EL,13
65,62,EL,13
65,63,EL,13
65,108,EL,42
65,109,EL,30
65,110,EL,13
65,111,EL,14
65,112,EL,17
65,113,EL,17
65,114,EL,37
65,115,EL,20
65,116,EL,13
65,117,EL,42
65,119,EL,42
65,120,EL,17
65,121,EL,17
65,122,EL,17
65,123,EL,28
65,124,EL,28
65,125,EL,23
65,126,EL,23
65,127,EL,17
66,45,EL,30
66,46,EL,40
66,47,EL,13
66,48,EL,13
66,49,EL,13
66,50,EL,13
66,51,EL,13
66,52,EL,13
66,53,EL,13
66,54,EL,13
66,55,EL,13
66,56,EL,13
66,57,EL,13
66,58,EL,13
66,59,EL,13
66,60,EL,20
66,61,EL,13
66,62,EL,13
66,63,EL,13
66,64,EL,13
66,109,EL,37
66,110,EL,37
66,113,EL,37
66,114,EL,37
66,115,EL,20
66,116,EL,42
66,117,EL,42
66,118,EL,42
66,119,EL,20
66,120,EL,17
66,121,EL,17
66,122,EL,28
66,123,EL,28
66,124,EL,28
66,125,EL,23
66,126,EL,23
66,127,EL,17
67,44,EL,30
67,45,EL,13
67,46,EL,13
67,47,EL,13
67,48,EL,13
67,49,EL,2
67,50,EL,2
67,51,EL,13
67,52,EL,13
67,53,EL,13
67,54,EL,13
67,55,EL,13
67,56,EL,20
67,57,EL,13
67,58,EL,13
67,59,EL,20
67,60,EL,13
67,61,EL,13
67,62,EL,13
67,63,EL,13
67,64,EL,13
67,65,EL,13
67,115,EL,42
67,116,EL,42
67,117,EL,42
67,118,EL,20
67,119,EL,20
67,120,EL,17
67,121,EL,17
67,122,EL,28
67,123,EL,28
67,124,EL,28
67,125,EL,28
67,126,EL,28
67,127,EL,28
68,44,EL,13
68,45,EL,13
68,46,EL,13
68,47,EL,13
68,48,EL,13
68,49,EL,13
68,50,EL,13
68,51,EL,13
68,52,EL,13
68,53,EL,13
68,54,EL,13
68,55,EL,13
68,56,EL,20
68,57,EL,20
68,58,EL,6
68,59,EL,6
68,60,EL,13
68,61,EL,13
68,62,EL,13
68,63,EL,13
68,64,EL,13
68,65,EL,13
68,66,EL,37
68,67,EL,42
68,68,EL,42
68,112,EL,38
68,113,EL,38
68,114,EL,42
68,115,EL,20
68,116,EL,20
68,117,EL,26
68,118,EL,26
68,119,EL,28
68,120,EL,26
68,121,EL,28
68,122,EL,28
68,123,EL,28
68,124,EL,20
68,125,EL,28
68,126,EL,23
68,127,EL,23
69,44,EL,13
69,45,EL,13
69,46,EL,13
69,47,EL,13
69,48,EL,13
69,49,EL,13
69,50,EL,13
69,51,EL,13
69,52,EL,13
69,53,EL,13
69,54,EL,13
69,55,EL,13
69,56,EL,6
69,57,EL,6
69,58,EL,6
69,59,EL,6
69,60,EL,13
69,61,EL,13
69,62,EL,20
69,63,EL,13
69,64,EL,13
69,65,EL,13
69,66,EL,13
69,67,EL,13
69,68,EL,37
69,69,EL,37
69,111,EL,38
69,112,EL,38
69,113,EL,13
69,114,EL,20
69,115,EL,20
69,116,EL,28
69,117,EL,26
69,118,EL,26
69,119,EL,28
69,120,EL,26
69,121,EL,28
69,122,EL,28
69,123,EL,28
69,124,EL,23
69,125,EL,23
69,126,EL,23
69,127,EL,41
70,43,EL,25
70,44,EL,13
70,45,EL,13
70,46,EL,13
70,47,EL,13
70,48,EL,13
70,49,EL,13
70,50,EL,13
70,51,EL,13
70,52,EL,13
70,53,EL,13
70,54,EL,13
70,55,EL,20
70,56,EL,13
70,57,EL,6
70,58,EL,6
70,59,EL,13
70,60,EL,13
70,61,EL,13
70,62,EL,20
70,63,EL,13
70,64,EL,13
70,65,EL,13
70,66,EL,13
70,67,EL,13
70,68,EL,37
70,69,EL,13
70,70,EL,13
70,71,EL,13
70,72,EL,20
70,110,EL,42
70,111,EL,38
70,112,EL,13
70,113,EL,13
70,114,EL,20
70,115,EL,20
70,116,EL,26
70,117,EL,26
70,118,EL,26
70,119,EL,28
70,120,EL,28
70,121,EL,28
70,122,EL,28
70,123,EL,29
70,124,EL,23
70,125,EL,23
70,126,EL,23
70,127,EL,20
71,43,EL,13
71,44,EL,13
71,45,EL,13
71,46,EL,13
71,47,EL,13
71,48,EL,13
71,49,EL,13
71,50,EL,13
71,51,EL,13
71,52,EL,13
71,53,EL,13
71,54,EL,13
71,55,EL,13
71,56,EL,13
71,57,EL,13
71,58,EL,13
71,59,EL,13
71,60,EL,13
71,61,EL,20
71,62,EL,20
71,63,EL,20
71,64,EL,20
71,65,EL,13
71,66,EL,13
71,67,EL,13
71,68,EL,13
71,69,EL,13
71,70,EL,13
71,71,EL,13
71,72,EL,20
71,73,EL,20
71,74,EL,29
71,75,EL,20
71,110,EL,38
71,111,EL,38
71,112,EL,13
71,113,EL,28
71,114,EL,28
71,115,EL,28
71,116,EL,26
71,117,EL,26
71,118,EL,26
71,119,EL,28
71,120,EL,20
71,121,EL,28
71,122,EL,28
71,123,EL,23
71,124,EL,23
71,125,EL,23
71,126,EL,23
71,127,EL,20
72,41,EL,13
72,42,EL,13
72,43,EL,13
72,44,EL,20
72,45,EL,13
72,46,EL,13
72,47,EL,13
72,48,EL,13
72,49,EL,13
72,50,EL,13
72,51,EL,13
72,52,EL,13
72,53,EL,13
72,54,EL,13
72,55,EL,16
72,56,EL,17
72,57,EL,17
72,58,EL,12
72,59,EL,3
72,60,EL,12
72,61,EL,12
72,62,EL,20
72,63,EL,20
72,64,EL,20
72,65,EL,20
72,66,EL,21
72,67,EL,13
72,68,EL,20
72,69,EL,20
72,70,EL,13
72,71,EL,13
72,72,EL,13
72,73,EL,13
72,74,EL,13
72,75,EL,13
72,76,EL,24
72,77,EL,24
72,78,EL,24
72,79,EL,24
72,85,EL,30
72,86,EL,28
72,87,EL,28
72,88,EL,28
72,89,EL,26
72,90,EL,28
72,91,EL,37
72,109,EL,38
72,110,EL,38
72,111,EL,38
72,112,EL,17
72,113,EL,26
72,114,EL,28
72,115,EL,28
72,116,EL,21
72,117,EL,26
72,118,EL,20
72,119,EL,23
72,120,EL,23
72,121,EL,23
72,122,EL,23
72,123,EL,23
72,124,EL,23
72,125,EL,23
72,126,EL,2
72,127,EL,20
73,39,EL,13
73,40,EL,20
73,41,EL,13
73,42,EL,13
73,43,EL,13
73,44,EL,20
73,45,EL,20
73,46,EL,13
73,47,EL,13
73,48,EL,13
73,49,EL,13
73,50,EL,13
73,51,EL,13
73,52,EL,13
73,53,EL,13
73,54,EL,13
73,55,EL,20
73,56,EL,17
73,57,EL,17
73,58,EL,12
73,59,EL,12
73,60,EL,12
73,61,EL,12
73,62,EL,12
73,63,EL,13
73,64,EL,12
73,65,EL,12
73,66,EL,13
73,67,EL,13
73,68,EL,13
73,69,EL,20
73,70,EL,13
73,71,EL,13
73,72,EL,13
73,73,EL,13
73,74,EL,13
73,75,EL,13
73,76,EL,35
73,77,EL,35
73,78,EL,35
73,79,EL,24
73,80,EL,24
73,81,EL,24
73,82,EL,24
73,83,EL,24
73,84,EL,29
73,85,EL,29
73,86,EL,26
73,87,EL,28
73,88,EL,20
73,89,EL,26
73,90,EL,42
73,91,EL,42
73,108,EL,38
73,109,EL,38
73,110,EL,38
73,111,EL,2
73,112,EL,17
73,113,EL,28
73,114,EL,28
73,115,EL,26
73,116,EL,21
73,117,EL,29
73,118,EL,23
73,119,EL,23
73,120,EL,21
73,121,EL,23
73,122,EL,23
73,123,EL,23
73,124,EL,23
73,125,EL,25
73,126,EL,17
73,127,EL,17
74,32,EL,17
74,36,EL,20
74,37,EL,20
74,38,EL,13
74,39,EL,13
74,40,EL,13
74,41,EL,13
74,42,EL,20
74,43,EL,20
74,44,EL,20
74,45,EL,20
74,46,EL,20
74,47,EL,20
74,48,EL,13
74,49,EL,13
74,50,EL,13
74,51,EL,13
74,52,EL,13
74,53,EL,13
74,54,EL,13
74,55,EL,13
74,56,EL,12
74,57,EL,12
74,58,EL,12
74,59,EL,12
74,60,EL,12
74,61,EL,20
74,62,EL,20
74,63,EL,21
74,64,EL,12
74,65,EL,21
74,66,EL,21
74,67,EL,13
74,68,EL,13
74,69,EL,13
74,70,EL,13
74,71,EL,2
74,72,EL,13
74,73,EL,13
74,74,EL,13
74,75,EL,13
74,76,EL,35
74,77,EL,35
74,78,EL,35
74,79,EL,26
74,80,EL,24
74,81,EL,24
74,82,EL,29
74,83,EL,29
74,84,EL,41
74,85,EL,26
74,86,EL,26
74,87,EL,26
74,88,EL,42
74,89,EL,42
74,90,EL,42
74,104,EL,30
74,105,EL,30
74,106,EL,30
74,107,EL,42
74,108,EL,38
74,109,EL,38
74,110,EL,2
74,111,EL,20
74,112,EL,17
74,113,EL,28
74,114,EL,21
74,115,EL,21
74,116,EL,29
74,117,EL,23
74,118,EL,23
74,119,EL,23
74,120,EL,21
74,121,EL,21
74,122,EL,21
74,123,EL,23
74,124,EL,25
74,125,EL,23
74,126,EL,17
74,127,EL,20
75,28,EL,17
75,30,EL,2
75,31,EL,13
75,32,EL,17
75,33,EL,17
75,36,EL,20
75,37,EL,20
75,38,EL,13
75,39,EL,13
75,40,EL,17
75,41,EL,17
75,42,EL,20
75,43,EL,20
75,44,EL,2
75,45,EL,17
75,46,EL,20
75,47,EL,20
75,48,EL,13
75,49,EL,13
75,50,EL,12
75,51,EL,12
75,52,EL,20
75,53,EL,20
75,54,EL,13
75,55,EL,13
75,56,EL,20
75,57,EL,12
75,58,EL,12
75,59,EL,23
75,60,EL,21
75,61,EL,12
75,62,EL,12
75,63,EL,12
75,64,EL,12
75,65,EL,12
75,66,EL,21
75,67,EL,21
75,68,EL,13
75,69,EL,13
75,70,EL,20
75,71,EL,20
75,72,EL,13
75,73,EL,13
75,74,EL,13
75,75,EL,13
75,76,EL,35
75,77,EL,35
75,78,EL,13
75,79,EL,26
75,80,EL,35
75,81,EL,29
75,82,EL,29
75,83,EL,35
75,84,EL,41
75,85,EL,26
75,86,EL,20
75,87,EL,7
75,88,EL,42
75,89,EL,42
75,104,EL,38
75,105,EL,38
75,107,EL,42
75,108,EL,1
75,109,EL,2
75,110,EL,20
75,111,EL,20
75,112,EL,17
75,113,EL,17
75,114,EL,21
75,115,EL,28
75,116,EL,29
75,117,EL,29
75,118,EL,23
75,119,EL,23
75,120,EL,23
75,121,EL,23
75,122,EL,21
75,123,EL,23
75,124,EL,23
75,125,EL,23
75,126,EL,23
75,127,EL,20
76,31,EL,13
76,32,EL,13
76,33,EL,13
76,34,EL,13
76,35,EL,20
76,36,EL,17
76,37,EL,17
76,38,EL,17
76,39,EL,17
76,40,EL,13
76,41,EL,17
76,42,EL,17
76,43,EL,17
76,44,EL,17
76,45,EL,1
76,46,EL,17
76,47,EL,17
76,48,EL,20
76,49,EL,20
76,50,EL,20
76,51,EL,20
76,52,EL,17
76,53,EL,17
76,54,EL,17
76,55,EL,13
76,56,EL,13
76,57,EL,28
76,58,EL,12
76,59,EL,12
76,60,EL,21
76,61,EL,21
76,62,EL,21
76,63,EL,17
76,64,EL,12
76,65,EL,12
76,66,EL,21
76,67,EL,13
76,68,EL,17
76,69,EL,17
76,70,EL,20
76,71,EL,13
76,72,EL,13
76,73,EL,13
76,74,EL,13
76,75,EL,13
76,76,EL,13
76,77,EL,13
76,78,EL,13
76,79,EL,13
76,80,EL,17
76,81,EL,13
76,82,EL,13
76,83,EL,13
76,84,EL,13
76,85,EL,13
76,86,EL,13
76,87,EL,13
76,88,EL,26
76,104,EL,38
76,105,EL,38
76,106,EL,38
76,108,EL,38
76,109,EL,13
76,110,EL,3
76,111,EL,3
76,112,EL,17
76,113,EL,28
76,114,EL,28
76,115,EL,28
76,116,EL,28
76,117,EL,28
76,118,EL,23
76,119,EL,23
76,120,EL,23
76,121,EL,23
76,122,EL,23
76,123,EL,23
76,124,EL,23
76,125,EL,17
76,126,EL,17
76,127,EL,17
77,31,EL,13
77,32,EL,13
77,33,EL,13
77,34,EL,13
77,35,EL,13
77,36,EL,17
77,37,EL,17
77,38,EL,17
77,39,EL,17
77,40,EL,13
77,41,EL,13
77,42,EL,17
77,43,EL,17
77,44,EL,17
77,45,EL,2
77,46,EL,17
77,47,EL,20
77,48,EL,20
77,49,EL,20
77,50,EL,15
77,51,EL,20
77,52,EL,17
77,53,EL,17
77,54,EL,17
77,55,EL,17
77,56,EL,13
77,57,EL,20
77,58,EL,12
77,59,EL,12
77,60,EL,21
77,61,EL,21
77,62,EL,21
77,63,EL,12
77,64,EL,12
77,65,EL,25
77,66,EL,25
77,67,EL,13
77,68,EL,17
77,69,EL,17
77,70,EL,13
77,71,EL,13
77,72,EL,13
77,73,EL,13
77,74,EL,13
77,75,EL,13
77,76,EL,13
77,77,EL,13
77,78,EL,13
77,79,EL,13
77,80,EL,13
77,81,EL,13
77,82,EL,13
77,83,EL,13
77,84,EL,6
77,85,EL,6
77,86,EL,13
77,87,EL,13
77,88,EL,35
77,89,EL,28
77,104,EL,42
77,105,EL,42
77,106,EL,38
77,107,EL,38
77,108,EL,42
77,109,EL,13
77,110,EL,13
77,111,EL,20
77,112,EL,17
77,113,EL,17
77,114,EL,28
77,115,EL,28
77,116,EL,28
77,117,EL,28
77,118,EL,23
77,119,EL,23
77,120,EL,23
77,121,EL,23
77,122,EL,23
77,123,EL,23
77,124,EL,23
77,125,EL,17
77,126,EL,20
77,127,EL,17
78,31,EL,13
78,32,EL,17
78,33,EL,13
78,34,EL,13
78,35,EL,13
78,36,EL,20
78,37,EL,17
78,38,EL,17
78,39,EL,17
78,40,EL,21
78,41,EL,13
78,42,EL,13
78,43,EL,17
78,44,EL,17
78,45,EL,17
78,46,EL,17
78,47,EL,20
78,48,EL,20
78,49,EL,21
78,50,EL,21
78,51,EL,20
78,52,EL,17
78,53,EL,17
78,54,EL,17
78,55,EL,17
78,56,EL,13
78,57,EL,13
78,58,EL,21
78,59,EL,21
78,60,EL,21
78,61,EL,21
78,62,EL,21
78,63,EL,21
78,64,EL,20
78,65,EL,25
78,66,EL,12
78,67,EL,21
78,68,EL,20
78,69,EL,20
78,70,EL,20
78,71,EL,13
78,72,EL,13
78,73,EL,13
78,74,EL,13
78,75,EL,13
78,76,EL,13
78,77,EL,13
78,78,EL,13
78,79,EL,13
78,80,EL,13
78,81,EL,13
78,82,EL,13
78,83,EL,13
78,84,EL,6
78,85,EL,6
78,86,EL,13
78,87,EL,13
78,88,EL,13
78,89,EL,28
78,104,EL,42
78,106,EL,38
78,107,EL,38
78,108,EL,13
78,109,EL,13
78,110,EL,13
78,111,EL,20
78,112,EL,17
78,113,EL,17
78,114,EL,17
78,115,EL,28
78,116,EL,28
78,117,EL,28
78,118,EL,23
78,119,EL,23
78,120,EL,23
78,121,EL,23
78,122,EL,23
78,123,EL,23
78,124,EL,23
78,125,EL,17
78,126,EL,20
78,127,EL,17
79,31,EL,13
79,32,EL,13
79,33,EL,13
79,34,EL,13
79,35,EL,13
79,36,EL,20
79,37,EL,20
79,38,EL,21
79,39,EL,17
79,40,EL,17
79,41,EL,21
79,42,EL,13
79,43,EL,17
79,44,EL,17
79,45,EL,21
79,46,EL,21
79,47,EL,17
79,48,EL,20
79,49,EL,21
79,50,EL,21
79,51,EL,21
79,52,EL,20
79,53,EL,15
79,54,EL,15
79,55,EL,21
79,56,EL,20
79,57,EL,13
79,58,EL,13
79,59,EL,20
79,60,EL,21
79,61,EL,21
79,62,EL,21
79,63,EL,21
79,64,EL,25
79,65,EL,12
79,66,EL,12
79,67,EL,21
79,68,EL,21
79,69,EL,21
79,70,EL,20
79,71,EL,13
79,72,EL,13
79,73,EL,13
79,74,EL,13
79,75,EL,13
79,76,EL,20
79,77,EL,13
79,78,EL,13
79,79,EL,13
79,80,EL,13
79,81,EL,13
79,82,EL,13
79,83,EL,13
79,84,EL,13
79,85,EL,13
79,86,EL,13
79,87,EL,13
79,88,EL,13
79,89,EL,13
79,104,EL,42
79,105,EL,42
79,106,EL,42
79,107,EL,42
79,108,EL,13
79,109,EL,13
79,110,EL,17
79,111,EL,17
79,112,EL,17
79,113,EL,17
79,114,EL,17
79,115,EL,28
79,116,EL,23
79,117,EL,23
79,118,EL,23
79,119,EL,23
79,120,EL,23
79,121,EL,23
79,122,EL,23
79,123,EL,23
79,124,EL,25
79,125,EL,25
79,126,EL,23
79,127,EL,23
80,31,EL,13
80,32,EL,13
80,33,EL,13
80,34,EL,13
80,35,EL,20
80,36,EL,20
80,37,EL,16
80,38,EL,16
80,39,EL,16
80,40,EL,28
80,41,EL,21
80,42,EL,21
80,43,EL,21
80,44,EL,20
80,45,EL,20
80,46,EL,21
80,47,EL,21
80,48,EL,21
80,49,EL,21
80,50,EL,15
80,51,EL,21
80,52,EL,21
80,53,EL,21
80,54,EL,21
80,55,EL,21
80,56,EL,25
80,57,EL,13
80,58,EL,13
80,59,EL,29
80,60,EL,21
80,61,EL,21
80,62,EL,12
80,63,EL,28
80,64,EL,20
80,65,EL,20
80,66,EL,21
80,67,EL,21
80,68,EL,12
80,69,EL,12
80,70,EL,21
80,71,EL,13
80,72,EL,13
80,73,EL,13
80,74,EL,20
80,75,EL,20
80,76,EL,20
80,77,EL,13
80,78,EL,13
80,79,EL,13
80,80,EL,13
80,81,EL,13
80,82,EL,13
80,83,EL,13
80,84,EL,13
80,85,EL,13
80,86,EL,13
80,87,EL,13
80,88,EL,20
80,89,EL,28
80,102,EL,30
80,103,EL,12
80,104,EL,30
80,105,EL,13
80,106,EL,13
80,107,EL,13
80,108,EL,13
80,109,EL,13
80,110,EL,13
80,111,EL,17
80,112,EL,32
80,113,EL,32
80,114,EL,28
80,115,EL,28
80,116,EL,25
80,117,EL,23
80,118,EL,21
80,119,EL,28
80,120,EL,23
80,121,EL,23
80,122,EL,23
80,123,EL,25
80,124,EL,28
80,125,EL,28
80,126,EL,21
80,127,EL,17
81,31,EL,13
81,32,EL,13
81,33,EL,20
81,34,EL,13
81,35,EL,20
81,36,EL,20
81,37,EL,16
81,38,EL,16
81,39,EL,16
81,40,EL,28
81,41,EL,28
81,42,EL,28
81,43,EL,28
81,44,EL,20
81,45,EL,21
81,46,EL,21
81,47,EL,21
81,48,EL,21
81,49,EL,21
81,50,EL,21
81,51,EL,21
81,52,EL,20
81,53,EL,20
81,54,EL,21
81,55,EL,21
81,56,EL,13
81,57,EL,13
81,58,EL,13
81,59,EL,13
81,60,EL,21
81,61,EL,12
81,62,EL,12
81,63,EL,28
81,64,EL,20
81,65,EL,25
81,66,EL,25
81,67,EL,21
81,68,EL,12
81,69,EL,12
81,70,EL,12
81,71,EL,20
81,72,EL,13
81,73,EL,13
81,74,EL,20
81,75,EL,20
81,76,EL,13
81,77,EL,13
81,78,EL,13
81,79,EL,13
81,80,EL,13
81,81,EL,13
81,82,EL,13
81,83,EL,13
81,84,EL,13
81,85,EL,13
81,86,EL,13
81,87,EL,13
81,88,EL,20
81,102,EL,12
81,103,EL,12
81,104,EL,13
81,105,EL,13
81,106,EL,13
81,107,EL,13
81,108,EL,13
81,109,EL,13
81,110,EL,13
81,111,EL,17
81,112,EL,32
81,113,EL,32
81,114,EL,28
81,115,EL,28
81,116,EL,25
81,117,EL,28
81,118,EL,28
81,119,EL,28
81,120,EL,23
81,121,EL,23
81,122,EL,23
81,123,EL,23
81,124,EL,28
81,125,EL,21
81,126,EL,21
81,127,EL,17
82,30,EL,21
82,31,EL,13
82,32,EL,20
82,33,EL,20
82,34,EL,20
82,35,EL,20
82,36,EL,20
82,37,EL,20
82,38,EL,20
82,39,EL,20
82,40,EL,17
82,41,EL,21
82,42,EL,28
82,43,EL,28
82,44,EL,21
82,45,EL,21
82,46,EL,17
82,47,EL,21
82,48,EL,29
82,49,EL,15
82,50,EL,17
82,51,EL,21
82,52,EL,21
82,53,EL,20
82,54,EL,20
82,55,EL,21
82,56,EL,21
82,57,EL,13
82,58,EL,13
82,59,EL,28
82,60,EL,21
82,61,EL,12
82,62,EL,23
82,63,EL,23
82,64,EL,21
82,65,EL,21
82,66,EL,20
82,67,EL,20
82,68,EL,20
82,69,EL,12
82,70,EL,20
82,71,EL,20
82,72,EL,13
82,73,EL,20
82,74,EL,20
82,75,EL,20
82,76,EL,20
82,77,EL,13
82,78,EL,13
82,79,EL,13
82,80,EL,20
82,81,EL,20
82,82,EL,13
82,83,EL,13
82,84,EL,20
82,85,EL,20
82,86,EL,13
82,87,EL,13
82,88,EL,13
82,103,EL,12
82,104,EL,13
82,105,EL,13
82,106,EL,13
82,107,EL,13
82,108,EL,13
82,109,EL,13
82,110,EL,13
82,111,EL,17
82,112,EL,32
82,113,EL,28
82,114,EL,28
82,115,EL,28
82,116,EL,28
82,117,EL,28
82,118,EL,28
82,119,EL,23
82,120,EL,23
82,121,EL,23
82,122,EL,23
82,123,EL,23
82,124,EL,23
82,125,EL,17
82,126,EL,17
82,127,EL,17
83,30,EL,13
83,31,EL,13
83,32,EL,20
83,33,EL,20
83,34,EL,3
83,35,EL,3
83,36,EL,20
83,37,EL,20
83,38,EL,20
83,39,EL,17
83,40,EL,21
83,41,EL,21
83,42,EL,21
83,43,EL,20
83,44,EL,21
83,45,EL,21
83,46,EL,17
83,47,EL,17
83,48,EL,17
83,49,EL,17
83,50,EL,17
83,51,EL,17
83,52,EL,20
83,53,EL,20
83,54,EL,21
83,55,EL,21
83,56,EL,21
83,57,EL,13
83,58,EL,41
83,60,EL,20
83,61,EL,17
83,62,EL,20
83,63,EL,23
83,64,EL,25
83,65,EL,28
83,66,EL,20
83,67,EL,20
83,68,EL,20
83,69,EL,20
83,70,EL,28
83,71,EL,28
83,72,EL,17
83,73,EL,17
83,74,EL,17
83,75,EL,28
83,76,EL,20
83,77,EL,13
83,78,EL,17
83,79,EL,20
83,80,EL,20
83,81,EL,20
83,82,EL,13
83,83,EL,13
83,84,EL,13
83,85,EL,20
83,86,EL,13
83,87,EL,13
83,88,EL,13
83,104,EL,13
83,105,EL,13
83,106,EL,13
83,107,EL,13
83,108,EL,13
83,109,EL,13
83,110,EL,16
83,111,EL,32
83,112,EL,28
83,113,EL,28
83,114,EL,17
83,115,EL,25
83,116,EL,28
83,117,EL,25
83,118,EL,25
83,119,EL,23
83,120,EL,23
83,121,EL,23
83,122,EL,25
83,123,EL,23
83,124,EL,29
83,125,EL,29
83,126,EL,28
83,127,EL,28
84,29,EL,13
84,30,EL,13
84,31,EL,20
84,32,EL,20
84,33,EL,20
84,34,EL,3
84,35,EL,20
84,36,EL,21
84,37,EL,21
84,38,EL,20
84,39,EL,15
84,40,EL,17
84,41,EL,21
84,42,EL,20
84,43,EL,29
84,44,EL,21
84,45,EL,21
84,46,EL,29
84,47,EL,17
84,48,EL,21
84,49,EL,29
84,50,EL,21
84,51,EL,20
84,52,EL,20
84,53,EL,20
84,54,EL,20
84,55,EL,20
84,56,EL,41
84,57,EL,41
84,58,EL,41
84,60,EL,21
84,61,EL,20
84,62,EL,20
84,63,EL,20
84,64,EL,17
84,65,EL,25
84,66,EL,20
84,67,EL,20
84,68,EL,20
84,69,EL,20
84,70,EL,20
84,71,EL,17
84,72,EL,28
84,73,EL,28
84,74,EL,17
84,75,EL,17
84,76,EL,20
84,77,EL,20
84,78,EL,20
84,79,EL,20
84,80,EL,13
84,81,EL,17
84,82,EL,17
84,83,EL,13
84,84,EL,13
84,85,EL,13
84,86,EL,13
84,87,EL,13
84,104,EL,13
84,105,EL,13
84,106,EL,13
84,107,EL,13
84,108,EL,30
84,109,EL,30
84,110,EL,20
84,111,EL,26
84,112,EL,20
84,113,EL,20
84,114,EL,21
84,115,EL,21
84,116,EL,25
84,117,EL,23
84,118,EL,23
84,119,EL,23
84,120,EL,23
84,121,EL,25
84,122,EL,23
84,123,EL,23
84,124,EL,28
84,125,EL,17
84,126,EL,17
84,127,EL,17
85,28,EL,21
85,29,EL,13
85,30,EL,13
85,31,EL,13
85,32,EL,2
85,33,EL,2
85,34,EL,20
85,35,EL,20
85,36,EL,17
85,37,EL,21
85,38,EL,21
85,39,EL,15
85,40,EL,15
85,41,EL,15
85,42,EL,20
85,43,EL,20
85,44,EL,29
85,45,EL,29
85,46,EL,29
85,47,EL,29
85,48,EL,17
85,49,EL,21
85,50,EL,21
85,51,EL,20
85,52,EL,20
85,53,EL,20
85,54,EL,20
85,55,EL,41
85,56,EL,41
85,57,EL,21
85,58,EL,41
85,60,EL,41
85,61,EL,21
85,62,EL,20
85,63,EL,20
85,64,EL,17
85,65,EL,25
85,66,EL,23
85,67,EL,20
85,68,EL,20
85,69,EL,20
85,70,EL,20
85,71,EL,28
85,72,EL,28
85,73,EL,28
85,74,EL,28
85,75,EL,28
85,76,EL,28
85,77,EL,20
85,78,EL,20
85,79,EL,20
85,80,EL,20
85,81,EL,17
85,82,EL,17
85,83,EL,13
85,84,EL,13
85,85,EL,13
85,86,EL,13
85,87,EL,13
85,105,EL,13
85,106,EL,13
85,107,EL,13
85,108,EL,30
85,109,EL,30
85,110,EL,13
85,111,EL,20
85,112,EL,20
85,113,EL,20
85,114,EL,20
85,115,EL,28
85,116,EL,25
85,117,EL,25
85,118,EL,23
85,119,EL,23
85,120,EL,20
85,121,EL,25
85,122,EL,23
85,123,EL,23
85,124,EL,28
85,125,EL,28
85,126,EL,17
85,127,EL,17
86,28,EL,13
86,29,EL,13
86,30,EL,13
86,31,EL,13
86,32,EL,1
86,33,EL,1
86,34,EL,20
86,35,EL,20
86,36,EL,17
86,37,EL,17
86,38,EL,12
86,39,EL,15
86,40,EL,15
86,41,EL,20
86,42,EL,20
86,43,EL,20
86,44,EL,21
86,45,EL,29
86,46,EL,21
86,47,EL,21
86,48,EL,17
86,49,EL,17
86,50,EL,29
86,51,EL,20
86,52,EL,20
86,53,EL,21
86,54,EL,21
86,55,EL,41
86,56,EL,21
86,57,EL,21
86,58,EL,41
86,60,EL,41
86,61,EL,41
86,62,EL,12
86,63,EL,21
86,64,EL,20
86,65,EL,20
86,66,EL,20
86,67,EL,20
86,68,EL,28
86,69,EL,20
86,70,EL,20
86,71,EL,28
86,72,EL,28
86,73,EL,20
86,74,EL,28
86,75,EL,28
86,76,EL,28
86,77,EL,28
86,78,EL,20
86,79,EL,20
86,80,EL,20
86,81,EL,20
86,82,EL,13
86,83,EL,13
86,84,EL,13
86,85,EL,13
86,86,EL,17
86,106,EL,13
86,107,EL,13
86,108,EL,13
86,109,EL,13
86,110,EL,13
86,111,EL,28
86,112,EL,13
86,113,EL,20
86,114,EL,20
86,115,EL,25
86,116,EL,25
86,117,EL,25
86,118,EL,23
86,119,EL,23
86,120,EL,21
86,121,EL,23
86,122,EL,23
86,123,EL,23
86,124,EL,28
86,125,EL,28
86,126,EL,28
86,127,EL,28
87,28,EL,13
87,29,EL,13
87,30,EL,13
87,31,EL,13
87,32,EL,20
87,33,EL,20
87,34,EL,20
87,35,EL,17
87,36,EL,17
87,37,EL,17
87,38,EL,17
87,39,EL,20
87,40,EL,15
87,41,EL,15
87,42,EL,20
87,43,EL,20
87,44,EL,29
87,45,EL,29
87,46,EL,29
87,47,EL,20
87,48,EL,20
87,49,EL,29
87,50,EL,29
87,51,EL,29
87,52,EL,29
87,53,EL,21
87,54,EL,21
87,55,EL,21
87,56,EL,20
87,57,EL,20
87,58,EL,41
87,59,EL,41
87,60,EL,41
87,61,EL,12
87,62,EL,12
87,63,EL,20
87,64,EL,20
87,65,EL,20
87,66,EL,20
87,67,EL,20
87,68,EL,28
87,69,EL,28
87,70,EL,20
87,71,EL,28
87,72,EL,23
87,73,EL,23
87,74,EL,28
87,75,EL,28
87,76,EL,28
87,77,EL,17
87,78,EL,20
87,79,EL,20
87,80,EL,20
87,81,EL,20
87,82,EL,20
87,83,EL,13
87,84,EL,13
87,85,EL,13
87,86,EL,16
87,106,EL,13
87,107,EL,13
87,108,EL,13
87,109,EL,13
87,110,EL,28
87,111,EL,28
87,112,EL,28
87,113,EL,28
87,114,EL,20
87,115,EL,25
87,116,EL,25
87,117,EL,25
87,118,EL,23
87,119,EL,29
87,120,EL,25
87,121,EL,25
87,122,EL,20
87,123,EL,20
87,124,EL,28
87,125,EL,28
87,126,EL,20
87,127,EL,20
88,27,EL,13
88,28,EL,13
88,29,EL,13
88,30,EL,13
88,31,EL,13
88,32,EL,20
88,33,EL,20
88,34,EL,17
88,35,EL,17
88,36,EL,17
88,37,EL,17
88,38,EL,17
88,39,EL,17
88,40,EL,17
88,41,EL,17
88,42,EL,21
88,43,EL,21
88,44,EL,21
88,45,EL,21
88,46,EL,21
88,47,EL,20
88,48,EL,20
88,49,EL,29
88,50,EL,29
88,51,EL,21
88,52,EL,21
88,53,EL,20
88,54,EL,20
88,55,EL,20
88,56,EL,20
88,57,EL,20
88,58,EL,20
88,59,EL,41
88,60,EL,28
88,61,EL,28
88,62,EL,28
88,63,EL,12
88,64,EL,20
88,65,EL,20
88,66,EL,21
88,67,EL,21
88,68,EL,28
88,69,EL,29
88,70,EL,29
88,71,EL,29
88,72,EL,29
88,73,EL,28
88,74,EL,28
88,75,EL,28
88,76,EL,28
88,77,EL,28
88,78,EL,28
88,79,EL,20
88,80,EL,17
88,81,EL,17
88,82,EL,15
88,83,EL,20
88,84,EL,17
88,85,EL,2
88,86,EL,2
88,107,EL,13
88,108,EL,16
88,109,EL,26
88,110,EL,28
88,111,EL,28
88,112,EL,24
88,113,EL,12
88,114,EL,25
88,115,EL,25
88,116,EL,25
88,117,EL,23
88,118,EL,23
88,119,EL,23
88,120,EL,23
88,121,EL,25
88,122,EL,23
88,123,EL,21
88,124,EL,28
88,125,EL,28
88,126,EL,20
88,127,EL,41
89,26,EL,13
89,27,EL,13
89,28,EL,13
89,29,EL,25
89,30,EL,13
89,31,EL,13
89,32,EL,20
89,33,EL,20
89,34,EL,17
89,35,EL,17
89,36,EL,29
89,37,EL,17
89,38,EL,17
89,39,EL,20
89,40,EL,17
89,41,EL,21
89,42,EL,21
89,43,EL,21
89,44,EL,21
89,45,EL,21
89,46,EL,21
89,47,EL,29
89,48,EL,29
89,49,EL,15
89,50,EL,21
89,51,EL,21
89,52,EL,20
89,53,EL,20
89,54,EL,20
89,55,EL,20
89,56,EL,20
89,57,EL,20
89,58,EL,35
89,59,EL,41
89,60,EL,21
89,61,EL,28
89,62,EL,28
89,63,EL,20
89,64,EL,20
89,65,EL,20
89,66,EL,21
89,67,EL,28
89,68,EL,28
89,69,EL,29
89,70,EL,29
89,71,EL,29
89,72,EL,28
89,73,EL,28
89,74,EL,28
89,75,EL,28
89,76,EL,28
89,77,EL,28
89,78,EL,20
89,79,EL,20
89,80,EL,17
89,81,EL,17
89,82,EL,17
89,83,EL,20
89,84,EL,17
89,85,EL,17
89,86,EL,20
89,108,EL,26
89,109,EL,26
89,110,EL,28
89,111,EL,28
89,112,EL,20
89,113,EL,20
89,114,EL,20
89,115,EL,25
89,116,EL,23
89,117,EL,23
89,118,EL,25
89,119,EL,25
89,120,EL,23
89,121,EL,23
89,122,EL,23
89,123,EL,21
89,124,EL,20
89,125,EL,20
89,126,EL,20
89,127,EL,41
90,26,EL,13
90,27,EL,13
90,28,EL,13
90,29,EL,21
90,30,EL,20
90,31,EL,20
90,32,EL,20
90,33,EL,20
90,34,EL,21
90,35,EL,17
90,36,EL,17
90,37,EL,29
90,38,EL,29
90,39,EL,20
90,40,EL,21
90,41,EL,21
90,42,EL,21
90,43,EL,20
90,44,EL,21
90,45,EL,21
90,46,EL,21
90,47,EL,17
90,48,EL,29
90,49,EL,29
90,50,EL,21
90,51,EL,21
90,52,EL,20
90,53,EL,20
90,54,EL,20
90,55,EL,20
90,56,EL,20
90,57,EL,20
90,58,EL,35
90,59,EL,41
90,60,EL,21
90,61,EL,21
90,62,EL,12
90,63,EL,20
90,64,EL,20
90,65,EL,20
90,66,EL,21
90,67,EL,28
90,68,EL,28
90,69,EL,12
90,70,EL,12
90,71,EL,28
90,72,EL,28
90,73,EL,28
90,74,EL,23
90,75,EL,24
90,76,EL,20
90,77,EL,20
90,78,EL,20
90,79,EL,20
90,80,EL,20
90,81,EL,17
90,82,EL,15
90,83,EL,17
90,84,EL,17
90,85,EL,17
90,86,EL,21
90,108,EL,26
90,109,EL,26
90,110,EL,28
90,111,EL,28
90,112,EL,20
90,113,EL,20
90,114,EL,20
90,115,EL,25
90,116,EL,23
90,117,EL,23
90,118,EL,25
90,119,EL,25
90,120,EL,25
90,121,EL,25
90,122,EL,20
90,123,EL,20
90,124,EL,20
90,125,EL,20
90,126,EL,20
90,127,EL,41
91,25,EL,13
91,26,EL,13
91,27,EL,13
91,28,EL,17
91,29,EL,17
91,30,EL,20
91,31,EL,20
91,32,EL,20
91,33,EL,20
91,34,EL,17
91,35,EL,17
91,36,EL,17
91,37,EL,17
91,38,EL,17
91,39,EL,21
91,40,EL,20
91,41,EL,21
91,42,EL,21
91,43,EL,20
91,44,EL,21
91,45,EL,21
91,46,EL,29
91,47,EL,29
91,48,EL,29
91,49,EL,20
91,50,EL,20
91,51,EL,21
91,52,EL,12
91,53,EL,12
91,54,EL,20
91,55,EL,12
91,56,EL,20
91,57,EL,30
91,58,EL,21
91,59,EL,20
91,60,EL,21
91,61,EL,21
91,62,EL,12
91,63,EL,21
91,64,EL,28
91,65,EL,20
91,66,EL,20
91,67,EL,20
91,68,EL,12
91,69,EL,12
91,70,EL,12
91,71,EL,12
91,72,EL,12
91,73,EL,24
91,74,EL,24
91,75,EL,24
91,76,EL,29
91,77,EL,29
91,78,EL,17
91,79,EL,17
91,80,EL,20
91,81,EL,20
91,82,EL,15
91,83,EL,17
91,84,EL,15
91,85,EL,17
91,86,EL,17
91,109,EL,28
91,110,EL,28
91,111,EL,28
91,112,EL,28
91,113,EL,28
91,114,EL,28
91,115,EL,28
91,116,EL,20
91,117,EL,24
91,118,EL,20
91,119,EL,17
91,120,EL,21
91,121,EL,20
91,122,EL,20
91,123,EL,20
91,124,EL,17
91,125,EL,20
91,126,EL,20
91,127,EL,20
92,24,EL,13
92,25,EL,13
92,26,EL,13
92,27,EL,13
92,28,EL,17
92,29,EL,17
92,30,EL,17
92,31,EL,20
92,32,EL,17
92,33,EL,17
92,34,EL,29
92,35,EL,29
92,36,EL,17
92,37,EL,20
92,38,EL,20
92,39,EL,15
92,40,EL,20
92,41,EL,20
92,42,EL,15
92,43,EL,15
92,44,EL,21
92,45,EL,21
92,46,EL,21
92,47,EL,20
92,48,EL,21
92,49,EL,20
92,50,EL,20
92,51,EL,20
92,52,EL,12
92,53,EL,12
92,54,EL,12
92,55,EL,12
92,56,EL,12
92,57,EL,21
92,58,EL,21
92,59,EL,29
92,60,EL,21
92,61,EL,21
92,62,EL,29
92,63,EL,29
92,64,EL,25
92,65,EL,25
92,66,EL,25
92,67,EL,25
92,68,EL,20
92,69,EL,12
92,70,EL,12
92,71,EL,12
92,72,EL,12
92,73,EL,24
92,74,EL,24
92,75,EL,24
92,76,EL,29
92,77,EL,29
92,78,EL,28
92,79,EL,17
92,80,EL,20
92,81,EL,20
92,82,EL,15
92,83,EL,17
92,84,EL,15
92,85,EL,15
92,86,EL,20
92,110,EL,12
92,111,EL,12
92,112,EL,20
92,113,EL,20
92,114,EL,17
92,115,EL,17
92,116,EL,25
92,117,EL,25
92,118,EL,17
92,119,EL,25
92,120,EL,25
92,121,EL,23
92,122,EL,23
92,123,EL,21
92,124,EL,20
92,125,EL,25
92,126,EL,25
92,127,EL,17
93,24,EL,13
93,25,EL,13
93,26,EL,13
93,27,EL,13
93,28,EL,17
93,29,EL,17
93,30,EL,20
93,31,EL,20
93,32,EL,17
93,33,EL,17
93,34,EL,17
93,35,EL,20
93,36,EL,17
93,37,EL,20
93,38,EL,12
93,39,EL,15
93,40,EL,15
93,41,EL,20
93,42,EL,20
93,43,EL,21
93,44,EL,21
93,45,EL,21
93,46,EL,21
93,47,EL,20
93,48,EL,20
93,49,EL,12
93,50,EL,12
93,51,EL,12
93,52,EL,12
93,53,EL,12
93,54,EL,12
93,55,EL,17
93,56,EL,20
93,57,EL,21
93,58,EL,21
93,59,EL,29
93,60,EL,21
93,61,EL,21
93,62,EL,20
93,63,EL,20
93,64,EL,25
93,65,EL,25
93,66,EL,25
93,67,EL,25
93,68,EL,25
93,69,EL,29
93,70,EL,28
93,71,EL,28
93,72,EL,12
93,73,EL,12
93,74,EL,24
93,75,EL,24
93,76,EL,29
93,77,EL,29
93,78,EL,28
93,79,EL,20
93,80,EL,15
93,81,EL,15
93,82,EL,17
93,83,EL,17
93,84,EL,15
93,85,EL,15
93,86,EL,17
93,111,EL,29
93,112,EL,17
93,113,EL,17
93,114,EL,17
93,115,EL,21
93,116,EL,25
93,117,EL,21
93,118,EL,24
93,119,EL,25
93,120,EL,25
93,121,EL,28
93,122,EL,28
93,123,EL,21
93,124,EL,20
93,125,EL,20
93,126,EL,25
93,127,EL,17
94,24,EL,13
94,25,EL,13
94,26,EL,13
94,27,EL,13
94,28,EL,17
94,29,EL,17
94,30,EL,17
94,31,EL,20
94,32,EL,17
94,33,EL,17
94,34,EL,20
94,35,EL,20
94,36,EL,20
94,37,EL,12
94,38,EL,12
94,39,EL,20
94,40,EL,21
94,41,EL,15
94,42,EL,15
94,43,EL,20
94,44,EL,21
94,45,EL,21
94,46,EL,21
94,47,EL,20
94,48,EL,12
94,49,EL,12
94,50,EL,12
94,51,EL,12
94,52,EL,21
94,53,EL,12
94,54,EL,12
94,55,EL,12
94,56,EL,20
94,57,EL,20
94,58,EL,21
94,59,EL,21
94,60,EL,21
94,61,EL,12
94,62,EL,29
94,63,EL,29
94,64,EL,28
94,65,EL,28
94,66,EL,28
94,67,EL,28
94,68,EL,29
94,69,EL,29
94,70,EL,12
94,71,EL,12
94,72,EL,12
94,73,EL,24
94,74,EL,24
94,75,EL,24
94,76,EL,20
94,77,EL,20
94,78,EL,28
94,79,EL,20
94,80,EL,15
94,81,EL,15
94,82,EL,17
94,83,EL,17
94,84,EL,17
94,85,EL,21
94,86,EL,17
94,111,EL,28
94,112,EL,28
94,113,EL,25
94,114,EL,28
94,115,EL,28
94,116,EL,25
94,117,EL,21
94,118,EL,24
94,119,EL,25
94,120,EL,25
94,121,EL,26
94,122,EL,26
94,123,EL,28
94,124,EL,20
94,125,EL,21
94,126,EL,21
94,127,EL,21
95,24,EL,13
95,25,EL,13
95,26,EL,13
95,27,EL,17
95,28,EL,17
95,29,EL,17
95,30,EL,17
95,31,EL,40
95,32,EL,20
95,33,EL,2
95,34,EL,20
95,35,EL,21
95,36,EL,12
95,37,EL,12
95,38,EL,12
95,39,EL,20
95,40,EL,21
95,41,EL,21
95,42,EL,21
95,43,EL,20
95,44,EL,21
95,45,EL,21
95,46,EL,21
95,47,EL,20
95,48,EL,12
95,49,EL,12
95,50,EL,12
95,51,EL,12
95,52,EL,21
95,53,EL,12
95,54,EL,12
95,55,EL,12
95,56,EL,20
95,57,EL,20
95,58,EL,20
95,59,EL,20
95,60,EL,29
95,61,EL,12
95,62,EL,29
95,63,EL,29
95,64,EL,29
95,65,EL,29
95,66,EL,29
95,67,EL,29
95,68,EL,12
95,69,EL,12
95,70,EL,12
95,71,EL,12
95,72,EL,24
95,73,EL,24
95,74,EL,24
95,75,EL,20
95,76,EL,20
95,77,EL,20
95,78,EL,28
95,79,EL,17
95,80,EL,17
95,81,EL,15
95,82,EL,20
95,83,EL,20
95,84,EL,17
95,85,EL,29
95,86,EL,17
95,87,EL,17
95,111,EL,28
95,112,EL,28
95,113,EL,28
95,114,EL,28
95,115,EL,28
95,116,EL,25
95,117,EL,25
95,118,EL,28
95,119,EL,25
95,120,EL,21
95,121,EL,25
95,122,EL,25
95,123,EL,28
95,124,EL,21
95,125,EL,21
95,126,EL,29
95,127,EL,21
96,22,EL,29
96,23,EL,13
96,24,EL,13
96,25,EL,13
96,26,EL,17
96,27,EL,17
96,28,EL,17
96,29,EL,17
96,30,EL,21
96,31,EL,21
96,32,EL,20
96,33,EL,20
96,34,EL,20
96,35,EL,12
96,36,EL,20
96,37,EL,17
96,38,EL,17
96,39,EL,20
96,40,EL,17
96,41,EL,20
96,42,EL,21
96,43,EL,20
96,44,EL,21
96,45,EL,20
96,46,EL,20
96,47,EL,20
96,48,EL,20
96,49,EL,21
96,50,EL,21
96,51,EL,21
96,52,EL,21
96,53,EL,21
96,54,EL,21
96,55,EL,21
96,56,EL,21
96,57,EL,21
96,58,EL,21
96,59,EL,20
96,60,EL,21
96,61,EL,21
96,62,EL,28
96,63,EL,28
96,64,EL,21
96,65,EL,12
96,66,EL,28
96,67,EL,28
96,68,EL,28
96,69,EL,28
96,70,EL,28
96,71,EL,28
96,72,EL,28
96,73,EL,28
96,74,EL,28
96,75,EL,28
96,76,EL,20
96,77,EL,20
96,78,EL,17
96,79,EL,21
96,80,EL,20
96,81,EL,20
96,82,EL,20
96,83,EL,3
96,84,EL,3
96,85,EL,17
96,86,EL,17
96,87,EL,21
96,111,EL,32
96,112,EL,28
96,113,EL,28
96,114,EL,25
96,115,EL,25
96,116,EL,25
96,117,EL,23
96,118,EL,23
96,119,EL,25
96,120,EL,21
96,121,EL,21
96,122,EL,21
96,123,EL,21
96,124,EL,25
96,125,EL,25
96,126,EL,25
96,127,EL,25
97,22,EL,13
97,23,EL,13
97,24,EL,13
97,25,EL,20
97,26,EL,17
97,27,EL,17
97,28,EL,17
97,29,EL,17
97,30,EL,17
97,31,EL,40
97,32,EL,20
97,33,EL,12
97,34,EL,12
97,35,EL,12
97,36,EL,20
97,37,EL,20
97,38,EL,29
97,39,EL,29
97,40,EL,21
97,41,EL,29
97,42,EL,21
97,43,EL,20
97,44,EL,21
97,45,EL,21
97,46,EL,20
97,47,EL,20
97,48,EL,20
97,49,EL,20
97,50,EL,21
97,51,EL,21
97,52,EL,21
97,53,EL,21
97,54,EL,21
97,55,EL,21
97,56,EL,21
97,57,EL,29
97,58,EL,20
97,59,EL,20
97,60,EL,21
97,61,EL,21
97,62,EL,28
97,63,EL,12
97,64,EL,12
97,65,EL,12
97,66,EL,21
97,67,EL,21
97,68,EL,28
97,69,EL,28
97,70,EL,12
97,71,EL,12
97,72,EL,28
97,73,EL,28
97,74,EL,28
97,75,EL,28
97,76,EL,28
97,77,EL,20
97,78,EL,17
97,79,EL,17
97,80,EL,20
97,81,EL,20
97,82,EL,20
97,83,EL,3
97,84,EL,17
97,85,EL,17
97,86,EL,17
97,87,EL,21
97,88,EL,17
97,111,EL,32
97,112,EL,28
97,113,EL,28
97,114,EL,25
97,115,EL,25
97,116,EL,25
97,117,EL,23
97,118,EL,23
97,119,EL,23
97,120,EL,21
97,121,EL,20
97,122,EL,28
97,123,EL,21
97,124,EL,25
97,125,EL,25
97,126,EL,21
97,127,EL,21
98,21,EL,29
98,22,EL,13
98,23,EL,13
98,24,EL,17
98,25,EL,17
98,26,EL,17
98,27,EL,17
98,28,EL,17
98,29,EL,17
98,30,EL,17
98,31,EL,17
98,32,EL,12
98,33,EL,12
98,34,EL,12
98,35,EL,12
98,36,EL,20
98,37,EL,20
98,38,EL,29
98,39,EL,29
98,40,EL,29
98,41,EL,29
98,42,EL,21
98,43,EL,20
98,44,EL,21
98,45,EL,20
98,46,EL,20
98,47,EL,21
98,48,EL,20
98,49,EL,12
98,50,EL,21
98,51,EL,21
98,52,EL,21
98,53,EL,21
98,54,EL,20
98,55,EL,20
98,56,EL,21
98,57,EL,29
98,58,EL,29
98,59,EL,20
98,60,EL,21
98,61,EL,21
98,62,EL,21
98,63,EL,12
98,64,EL,21
98,65,EL,21
98,66,EL,21
98,67,EL,21
98,68,EL,12
98,69,EL,12
98,70,EL,12
98,71,EL,28
98,72,EL,28
98,73,EL,28
98,74,EL,28
98,75,EL,28
98,76,EL,28
98,77,EL,17
98,78,EL,17
98,79,EL,17
98,80,EL,17
98,81,EL,17
98,82,EL,20
98,83,EL,20
98,84,EL,21
98,85,EL,20
98,86,EL,20
98,87,EL,21
98,88,EL,21
98,89,EL,20
98,111,EL,28
98,112,EL,28
98,113,EL,25
98,114,EL,25
98,115,EL,23
98,116,EL,25
98,117,EL,25
98,118,EL,23
98,119,EL,25
98,120,EL,25
98,121,EL,21
98,122,EL,28
98,123,EL,21
98,124,EL,25
98,125,EL,25
98,126,EL,21
98,127,EL,25
99,20,EL,29
99,21,EL,13
99,22,EL,13
99,23,EL,13
99,24,EL,17
99,25,EL,17
99,26,EL,17
99,27,EL,17
99,28,EL,21
99,29,EL,21
99,30,EL,12
99,31,EL,12
99,32,EL,12
99,33,EL,12
99,34,EL,12
99,35,EL,20
99,36,EL,29
99,37,EL,20
99,38,EL,29
99,39,EL,21
99,40,EL,17
99,41,EL,21
99,42,EL,21
99,43,EL,21
99,44,EL,21
99,45,EL,20
99,46,EL,20
99,47,EL,20
99,48,EL,20
99,49,EL,21
99,50,EL,21
99,51,EL,21
99,52,EL,21
99,53,EL,21
99,54,EL,20
99,55,EL,20
99,56,EL,21
99,57,EL,21
99,58,EL,21
99,59,EL,28
99,60,EL,21
99,61,EL,21
99,62,EL,28
99,63,EL,28
99,64,EL,21
99,65,EL,21
99,66,EL,12
99,67,EL,12
99,68,EL,29
99,69,EL,29
99,70,EL,21
99,71,EL,28
99,72,EL,21
99,73,EL,28
99,74,EL,28
99,75,EL,28
99,76,EL,28
99,77,EL,17
99,78,EL,17
99,79,EL,17
99,80,EL,17
99,81,EL,17
99,82,EL,17
99,83,EL,17
99,84,EL,21
99,85,EL,20
99,86,EL,29
99,87,EL,29
99,88,EL,21
99,89,EL,17
99,90,EL,17
99,111,EL,17
99,112,EL,24
99,113,EL,24
99,114,EL,29
99,115,EL,23
99,116,EL,25
99,117,EL,25
99,118,EL,23
99,119,EL,23
99,120,EL,21
99,121,EL,21
99,122,EL,21
99,123,EL,21
99,124,EL,25
99,125,EL,25
99,126,EL,28
99,127,EL,28
100,19,EL,29
100,20,EL,13
100,21,EL,20
100,22,EL,17
100,23,EL,21
100,24,EL,17
100,25,EL,17
100,26,EL,20
100,27,EL,21
100,28,EL,20
100,29,EL,20
100,30,EL,12
100,31,EL,17
100,32,EL,12
100,33,EL,12
100,34,EL,20
100,35,EL,29
100,36,EL,29
100,37,EL,21
100,38,EL,21
100,39,EL,20
100,40,EL,21
100,41,EL,21
100,42,EL,21
100,43,EL,29
100,44,EL,20
100,45,EL,20
100,46,EL,21
100,47,EL,21
100,48,EL,21
100,49,EL,21
100,50,EL,23
100,51,EL,21
100,52,EL,21
100,53,EL,21
100,54,EL,23
100,55,EL,12
100,56,EL,21
100,57,EL,21
100,58,EL,12
100,59,EL,21
100,60,EL,21
100,61,EL,12
100,62,EL,21
100,63,EL,21
100,64,EL,21
100,65,EL,28
100,66,EL,28
100,67,EL,28
100,68,EL,28
100,69,EL,29
100,70,EL,28
100,71,EL,28
100,72,EL,28
100,73,EL,28
100,74,EL,28
100,75,EL,28
100,76,EL,28
100,77,EL,28
100,78,EL,21
100,79,EL,20
100,80,EL,20
100,81,EL,20
100,82,EL,20
100,83,EL,20
100,84,EL,21
100,85,EL,20
100,86,EL,20
100,87,EL,17
100,88,EL,29
100,89,EL,17
100,90,EL,17
100,91,EL,17
100,92,EL,20
100,110,EL,20
100,111,EL,28
100,112,EL,28
100,113,EL,28
100,114,EL,28
100,115,EL,25
100,116,EL,25
100,117,EL,23
100,118,EL,23
100,119,EL,25
100,120,EL,25
100,121,EL,21
100,122,EL,21
100,123,EL,21
100,124,EL,28
100,125,EL,24
100,126,EL,24
100,127,EL,25
101,18,EL,29
101,19,EL,29
101,20,EL,20
101,21,EL,20
101,22,EL,17
101,23,EL,17
101,24,EL,17
101,25,EL,17
101,26,EL,17
101,27,EL,17
101,28,EL,17
101,29,EL,20
101,30,EL,20
101,31,EL,17
101,32,EL,17
101,33,EL,20
101,34,EL,2
101,35,EL,29
101,36,EL,17
101,37,EL,17
101,38,EL,21
101,39,EL,21
101,40,EL,17
101,41,EL,17
101,42,EL,17
101,43,EL,29
101,44,EL,21
101,45,EL,21
101,46,EL,21
101,47,EL,21
101,48,EL,20
101,49,EL,21
101,50,EL,21
101,51,EL,21
101,52,EL,21
101,53,EL,23
101,54,EL,23
101,55,EL,23
101,56,EL,21
101,57,EL,12
101,58,EL,12
101,59,EL,12
101,60,EL,12
101,61,EL,12
101,62,EL,12
101,63,EL,12
101,64,EL,12
101,65,EL,12
101,66,EL,28
101,67,EL,28
101,68,EL,28
101,69,EL,29
101,70,EL,28
101,71,EL,28
101,72,EL,28
101,73,EL,28
101,74,EL,21
101,75,EL,28
101,76,EL,28
101,77,EL,28
101,78,EL,28
101,79,EL,20
101,80,EL,20
101,81,EL,12
101,82,EL,12
101,83,EL,20
101,84,EL,20
101,85,EL,20
101,86,EL,28
101,87,EL,28
101,88,EL,29
101,89,EL,17
101,90,EL,17
101,91,EL,17
101,92,EL,16
101,93,EL,17
101,94,EL,2
101,95,EL,2
101,109,EL,12
101,110,EL,17
101,111,EL,28
101,112,EL,28
101,113,EL,25
101,114,EL,25
101,115,EL,25
101,116,EL,25
101,117,EL,25
101,118,EL,25
101,119,EL,25
101,120,EL,25
101,121,EL,25
101,122,EL,21
101,123,EL,32
101,124,EL,28
101,125,EL,28
101,126,EL,24
101,127,EL,25
102,17,EL,29
102,18,EL,37
102,19,EL,29
102,20,EL,20
102,21,EL,17
102,22,EL,17
102,23,EL,17
102,24,EL,17
102,25,EL,24
102,26,EL,24
102,27,EL,17
102,28,EL,17
102,29,EL,20
102,30,EL,20
102,31,EL,20
102,32,EL,2
102,33,EL,29
102,34,EL,20
102,35,EL,20
102,36,EL,17
102,37,EL,17
102,38,EL,20
102,39,EL,21
102,40,EL,21
102,41,EL,17
102,42,EL,17
102,43,EL,17
102,44,EL,21
102,45,EL,21
102,46,EL,21
102,47,EL,29
102,48,EL,28
102,49,EL,21
102,50,EL,21
102,51,EL,21
102,52,EL,23
102,53,EL,23
102,54,EL,23
102,55,EL,21
102,56,EL,28
102,57,EL,12
102,58,EL,12
102,59,EL,12
102,60,EL,12
102,61,EL,21
102,62,EL,12
102,63,EL,12
102,64,EL,12
102,65,EL,12
102,66,EL,12
102,67,EL,12
102,68,EL,12
102,69,EL,12
102,70,EL,12
102,71,EL,12
102,72,EL,28
102,73,EL,28
102,74,EL,28
102,75,EL,28
102,76,EL,28
102,77,EL,28
102,78,EL,20
102,79,EL,20
102,80,EL,12
102,81,EL,12
102,82,EL,12
102,83,EL,12
102,84,EL,17
102,85,EL,20
102,86,EL,20
102,87,EL,28
102,88,EL,29
102,89,EL,29
102,90,EL,17
102,91,EL,17
102,92,EL,17
102,93,EL,17
102,94,EL,17
102,95,EL,2
102,96,EL,2
102,110,EL,12
102,111,EL,28
102,112,EL,28
102,113,EL,25
102,114,EL,25
102,115,EL,25
102,116,EL,25
102,117,EL,25
102,118,EL,25
102,119,EL,25
102,120,EL,25
102,121,EL,25
102,122,EL,25
102,123,EL,25
102,124,EL,28
102,125,EL,21
102,126,EL,20
102,127,EL,21
103,16,EL,29
103,17,EL,42
103,18,EL,21
103,19,EL,21
103,20,EL,17
103,21,EL,17
103,22,EL,17
103,23,EL,17
103,24,EL,20
103,25,EL,20
103,26,EL,2
103,27,EL,17
103,28,EL,17
103,29,EL,17
103,30,EL,20
103,31,EL,20
103,32,EL,2
103,33,EL,17
103,34,EL,20
103,35,EL,20
103,36,EL,20
103,37,EL,29
103,38,EL,29
103,39,EL,21
103,40,EL,21
103,41,EL,21
103,42,EL,17
103,43,EL,17
103,44,EL,21
103,45,EL,21
103,46,EL,29
103,47,EL,29
103,48,EL,21
103,49,EL,21
103,50,EL,23
103,51,EL,23
103,52,EL,23
103,53,EL,23
103,54,EL,25
103,55,EL,21
103,56,EL,28
103,57,EL,28
103,58,EL,12
103,59,EL,12
103,60,EL,12
103,61,EL,12
103,62,EL,12
103,63,EL,12
103,64,EL,12
103,65,EL,12
103,66,EL,12
103,67,EL,12
103,68,EL,12
103,69,EL,12
103,70,EL,12
103,71,EL,12
103,72,EL,28
103,73,EL,28
103,74,EL,28
103,75,EL,28
103,76,EL,21
103,77,EL,28
103,78,EL,28
103,79,EL,28
103,80,EL,12
103,81,EL,20
103,82,EL,20
103,83,EL,12
103,84,EL,17
103,85,EL,20
103,86,EL,20
103,87,EL,28
103,88,EL,29
103,89,EL,29
103,90,EL,20
103,91,EL,17
103,92,EL,20
103,93,EL,17
103,94,EL,17
103,95,EL,20
103,96,EL,2
103,97,EL,2
103,98,EL,1
103,99,EL,1
103,110,EL,12
103,111,EL,20
103,112,EL,20
103,113,EL,28
103,114,EL,28
103,115,EL,25
103,116,EL,25
103,117,EL,21
103,118,EL,21
103,119,EL,23
103,120,EL,25
103,121,EL,25
103,122,EL,25
103,123,EL,32
103,124,EL,28
103,125,EL,20
103,126,EL,25
103,127,EL,29
104,15,EL,20
104,16,EL,20
104,17,EL,20
104,18,EL,32
104,19,EL,32
104,20,EL,29
104,21,EL,17
104,22,EL,17
104,23,EL,21
104,24,EL,17
104,25,EL,17
104,26,EL,17
104,27,EL,17
104,28,EL,17
104,29,EL,17
104,30,EL,17
104,31,EL,20
104,32,EL,17
104,33,EL,17
104,34,EL,17
104,35,EL,28
104,36,EL,17
104,37,EL,17
104,38,EL,21
104,39,EL,21
104,40,EL,21
104,41,EL,17
104,42,EL,17
104,43,EL,28
104,44,EL,17
104,45,EL,21
104,46,EL,29
104,47,EL,29
104,48,EL,21
104,49,EL,29
104,50,EL,29
104,51,EL,23
104,52,EL,25
104,53,EL,25
104,54,EL,26
104,55,EL,26
104,56,EL,21
104,57,EL,28
104,58,EL,28
104,59,EL,28
104,60,EL,21
104,61,EL,21
104,62,EL,12
104,63,EL,12
104,64,EL,12
104,65,EL,12
104,66,EL,21
104,67,EL,12
104,68,EL,21
104,69,EL,21
104,70,EL,21
104,71,EL,21
104,72,EL,21
104,73,EL,12
104,74,EL,29
104,75,EL,29
104,76,EL,21
104,77,EL,9
104,78,EL,9
104,79,EL,12
104,80,EL,28
104,81,EL,20
104,82,EL,20
104,83,EL,20
104,84,EL,20
104,85,EL,17
104,86,EL,17
104,87,EL,28
104,88,EL,20
104,89,EL,15
104,90,EL,17
104,91,EL,17
104,92,EL,20
104,93,EL,20
104,94,EL,20
104,95,EL,16
104,96,EL,2
104,97,EL,2
104,98,EL,2
104,99,EL,2
104,100,EL,2
104,101,EL,2
104,102,EL,2
104,103,EL,2
104,111,EL,17
104,112,EL,17
104,113,EL,20
104,114,EL,20
104,115,EL,25
104,116,EL,25
104,117,EL,20
104,118,EL,20
104,119,EL,25
104,120,EL,25
104,121,EL,32
104,122,EL,3
104,123,EL,28
104,124,EL,25
104,125,EL,23
104,126,EL,23
104,127,EL,23
105,14,EL,20
105,15,EL,20
105,16,EL,17
105,17,EL,17
105,18,EL,17
105,19,EL,29
105,20,EL,29
105,21,EL,29
105,22,EL,29
105,23,EL,21
105,24,EL,17
105,25,EL,17
105,26,EL,21
105,27,EL,21
105,28,EL,17
105,29,EL,17
105,30,EL,17
105,31,EL,20
105,32,EL,17
105,33,EL,17
105,34,EL,17
105,35,EL,17
105,36,EL,17
105,37,EL,17
105,38,EL,21
105,39,EL,21
105,40,EL,28
105,41,EL,28
105,42,EL,28
105,43,EL,28
105,44,EL,17
105,45,EL,21
105,46,EL,29
105,47,EL,29
105,48,EL,21
105,49,EL,21
105,50,EL,25
105,51,EL,12
105,52,EL,12
105,53,EL,26
105,54,EL,26
105,55,EL,26
105,56,EL,26
105,57,EL,28
105,58,EL,28
105,59,EL,18
105,60,EL,18
105,61,EL,21
105,62,EL,12
105,63,EL,12
105,64,EL,12
105,65,EL,29
105,66,EL,21
105,67,EL,12
105,68,EL,12
105,69,EL,12
105,70,EL,12
105,71,EL,21
105,72,EL,28
105,73,EL,28
105,74,EL,28
105,75,EL,28
105,76,EL,21
105,77,EL,12
105,78,EL,12
105,79,EL,12
105,80,EL,12
105,81,EL,12
105,82,EL,12
105,83,EL,20
105,84,EL,20
105,85,EL,20
105,86,EL,17
105,87,EL,21
105,88,EL,29
105,89,EL,29
105,90,EL,20
105,91,EL,20
105,92,EL,20
105,93,EL,16
105,94,EL,16
105,95,EL,16
105,96,EL,2
105,97,EL,16
105,98,EL,16
105,99,EL,21
105,100,EL,21
105,101,EL,20
105,102,EL,20
105,103,EL,2
105,104,EL,2
105,114,EL,21
105,115,EL,25
105,116,EL,25
105,117,EL,20
105,118,EL,20
105,119,EL,28
105,120,EL,32
105,121,EL,32
105,122,EL,25
105,123,EL,25
105,124,EL,25
105,125,EL,29
105,126,EL,24
105,127,EL,24
106,12,EL,30
106,13,EL,17
106,14,EL,17
106,15,EL,20
106,16,EL,17
106,17,EL,17
106,18,EL,17
106,19,EL,28
106,20,EL,28
106,21,EL,29
106,22,EL,29
106,23,EL,29
106,24,EL,17
106,25,EL,17
106,26,EL,17
106,27,EL,21
106,28,EL,17
106,29,EL,17
106,30,EL,29
106,31,EL,16
106,32,EL,17
106,33,EL,17
106,34,EL,17
106,35,EL,17
106,36,EL,28
106,37,EL,28
106,38,EL,21
106,39,EL,21
106,40,EL,28
106,41,EL,28
106,42,EL,28
106,43,EL,28
106,44,EL,28
106,45,EL,21
106,46,EL,21
106,47,EL,21
106,48,EL,23
106,49,EL,21
106,50,EL,12
106,51,EL,12
106,52,EL,12
106,53,EL,12
106,54,EL,26
106,55,EL,26
106,56,EL,26
106,57,EL,29
106,58,EL,31
106,59,EL,31
106,60,EL,29
106,61,EL,29
106,62,EL,21
106,63,EL,12
106,64,EL,29
106,65,EL,29
106,66,EL,29
106,67,EL,29
106,68,EL,12
106,69,EL,21
106,70,EL,21
106,71,EL,28
106,72,EL,28
106,73,EL,29
106,74,EL,24
106,75,EL,29
106,76,EL,21
106,77,EL,12
106,78,EL,12
106,79,EL,28
106,80,EL,20
106,81,EL,12
106,82,EL,12
106,83,EL,12
106,84,EL,20
106,85,EL,20
106,86,EL,20
106,87,EL,20
106,88,EL,28
106,89,EL,29
106,90,EL,21
106,91,EL,28
106,92,EL,17
106,93,EL,29
106,94,EL,20
106,95,EL,20
106,96,EL,17
106,97,EL,17
106,98,EL,16
106,99,EL,17
106,100,EL,21
106,101,EL,20
106,102,EL,20
106,103,EL,20
106,104,EL,3
106,105,EL,2
106,106,EL,20
106,115,EL,28
106,116,EL,20
106,117,EL,17
106,118,EL,17
106,119,EL,25
106,120,EL,26
106,121,EL,26
106,122,EL,25
106,123,EL,28
106,124,EL,29
106,125,EL,29
106,126,EL,24
106,127,EL,25
107,12,EL,17
107,13,EL,17
107,14,EL,17
107,15,EL,2
107,16,EL,17
107,17,EL,17
107,18,EL,17
107,19,EL,17
107,20,EL,28
107,21,EL,28
107,22,EL,29
107,23,EL,29
107,24,EL,29
107,25,EL,17
107,26,EL,17
107,27,EL,17
107,28,EL,17
107,29,EL,29
107,30,EL,29
107,31,EL,21
107,32,EL,16
107,33,EL,17
107,34,EL,21
107,35,EL,21
107,36,EL,17
107,37,EL,28
107,38,EL,21
107,39,EL,20
107,40,EL,28
107,41,EL,28
107,42,EL,28
107,43,EL,21
107,44,EL,12
107,45,EL,12
107,46,EL,21
107,47,EL,21
107,48,EL,25
107,49,EL,25
107,50,EL,25
107,51,EL,25
107,52,EL,25
107,53,EL,12
107,54,EL,26
107,55,EL,26
107,56,EL,29
107,57,EL,31
107,58,EL,31
107,59,EL,31
107,60,EL,24
107,61,EL,24
107,62,EL,24
107,63,EL,21
107,64,EL,12
107,65,EL,29
107,66,EL,29
107,67,EL,29
107,68,EL,21
107,69,EL,21
107,70,EL,21
107,71,EL,29
107,72,EL,29
107,73,EL,24
107,74,EL,24
107,75,EL,21
107,76,EL,21
107,77,EL,12
107,78,EL,12
107,79,EL,20
107,80,EL,20
107,81,EL,20
107,82,EL,20
107,83,EL,20
107,84,EL,20
107,85,EL,20
107,86,EL,20
107,87,EL,20
107,88,EL,28
107,89,EL,28
107,90,EL,21
107,91,EL,23
107,92,EL,29
107,93,EL,29
107,94,EL,28
107,95,EL,20
107,96,EL,17
107,97,EL,20
107,98,EL,20
107,99,EL,20
107,100,EL,21
107,101,EL,20
107,102,EL,20
107,103,EL,20
107,104,EL,3
107,105,EL,3
107,106,EL,2
107,107,EL,2
107,115,EL,20
107,116,EL,17
107,117,EL,17
107,118,EL,25
107,119,EL,28
107,120,EL,26
107,121,EL,25
107,122,EL,25
107,123,EL,28
107,124,EL,28
107,125,EL,28
107,126,EL,25
107,127,EL,25
108,9,EL,30
108,10,EL,17
108,11,EL,17
108,12,EL,17
108,13,EL,17
108,14,EL,17
108,15,EL,17
108,16,EL,17
108,17,EL,17
108,18,EL,29
108,19,EL,17
108,20,EL,29
108,21,EL,29
108,22,EL,29
108,23,EL,20
108,24,EL,29
108,25,EL,21
108,26,EL,20
108,27,EL,20
108,28,EL,17
108,29,EL,17
108,30,EL,29
108,31,EL,17
108,32,EL,40
108,33,EL,40
108,34,EL,17
108,35,EL,29
108,36,EL,21
108,37,EL,29
108,38,EL,21
108,39,EL,21
108,40,EL,28
108,41,EL,20
108,42,EL,21
108,43,EL,21
108,44,EL,28
108,45,EL,12
108,46,EL,25
108,47,EL,21
108,48,EL,25
108,49,EL,25
108,50,EL,21
108,51,EL,21
108,52,EL,21
108,53,EL,21
108,54,EL,28
108,55,EL,28
108,56,EL,28
108,57,EL,26
108,58,EL,26
108,59,EL,26
108,60,EL,28
108,61,EL,28
108,62,EL,24
108,63,EL,29
108,64,EL,21
108,65,EL,28
108,66,EL,28
108,67,EL,29
108,68,EL,29
108,69,EL,29
108,70,EL,28
108,71,EL,28
108,72,EL,29
108,73,EL,24
108,74,EL,24
108,75,EL,29
108,76,EL,28
108,77,EL,28
108,78,EL,17
108,79,EL,28
108,80,EL,17
108,81,EL,21
108,82,EL,20
108,83,EL,20
108,84,EL,17
108,85,EL,28
108,86,EL,28
108,87,EL,28
108,88,EL,28
108,89,EL,18
108,90,EL,28
108,91,EL,28
108,92,EL,29
108,93,EL,29
108,94,EL,29
108,95,EL,29
108,96,EL,20
108,97,EL,20
108,98,EL,16
108,99,EL,21
108,100,EL,29
108,101,EL,23
108,102,EL,20
108,103,EL,20
108,104,EL,20
108,105,EL,20
108,106,EL,20
108,107,EL,20
108,116,EL,2
108,117,EL,2
108,118,EL,28
108,119,EL,28
108,120,EL,25
108,121,EL,25
108,122,EL,25
108,123,EL,25
108,124,EL,26
108,125,EL,25
108,126,EL,25
108,127,EL,25
109,8,EL,17
109,9,EL,17
109,10,EL,17
109,11,EL,17
109,12,EL,17
109,13,EL,17
109,14,EL,21
109,15,EL,17
109,16,EL,17
109,17,EL,17
109,18,EL,17
109,19,EL,17
109,20,EL,17
109,21,EL,29
109,22,EL,29
109,23,EL,29
109,24,EL,29
109,25,EL,20
109,26,EL,20
109,27,EL,20
109,28,EL,17
109,29,EL,21
109,30,EL,29
109,31,EL,17
109,32,EL,40
109,33,EL,16
109,34,EL,16
109,35,EL,29
109,36,EL,29
109,37,EL,29
109,38,EL,21
109,39,EL,21
109,40,EL,20
109,41,EL,20
109,42,EL,21
109,43,EL,21
109,44,EL,28
109,45,EL,25
109,46,EL,25
109,47,EL,21
109,48,EL,21
109,49,EL,25
109,50,EL,25
109,51,EL,21
109,52,EL,21
109,53,EL,28
109,54,EL,28
109,55,EL,28
109,56,EL,28
109,57,EL,26
109,58,EL,26
109,59,EL,26
109,60,EL,21
109,61,EL,28
109,62,EL,28
109,63,EL,28
109,64,EL,21
109,65,EL,21
109,66,EL,29
109,67,EL,29
109,68,EL,29
109,69,EL,29
109,70,EL,29
109,71,EL,28
109,72,EL,21
109,73,EL,21
109,74,EL,29
109,75,EL,29
109,76,EL,28
109,77,EL,28
109,78,EL,21
109,79,EL,21
109,80,EL,29
109,81,EL,29
109,82,EL,28
109,83,EL,20
109,84,EL,17
109,85,EL,17
109,86,EL,28
109,87,EL,28
109,88,EL,28
109,89,EL,12
109,90,EL,28
109,91,EL,28
109,92,EL,28
109,93,EL,28
109,94,EL,28
109,95,EL,29
109,96,EL,20
109,97,EL,20
109,98,EL,20
109,99,EL,28
109,100,EL,29
109,101,EL,28
109,102,EL,20
109,103,EL,20
109,104,EL,28
109,105,EL,28
109,106,EL,20
109,107,EL,20
109,117,EL,11
109,118,EL,11
109,119,EL,28
109,120,EL,25
109,121,EL,24
109,122,EL,24
109,123,EL,25
109,124,EL,26
109,125,EL,25
109,126,EL,25
109,127,EL,25
110,7,EL,20
110,8,EL,17
110,9,EL,21
110,10,EL,17
110,11,EL,17
110,12,EL,17
110,13,EL,17
110,14,EL,17
110,15,EL,17
110,16,EL,17
110,17,EL,17
110,18,EL,17
110,19,EL,17
110,20,EL,17
110,21,EL,29
110,22,EL,29
110,23,EL,23
110,24,EL,17
110,25,EL,17
110,26,EL,17
110,27,EL,12
110,28,EL,20
110,29,EL,29
110,30,EL,29
110,31,EL,29
110,32,EL,21
110,33,EL,16
110,34,EL,17
110,35,EL,17
110,36,EL,25
110,37,EL,29
110,38,EL,21
110,39,EL,21
110,40,EL,20
110,41,EL,20
110,42,EL,20
110,43,EL,21
110,44,EL,28
110,45,EL,23
110,46,EL,23
110,47,EL,23
110,48,EL,23
110,49,EL,25
110,50,EL,25
110,51,EL,21
110,52,EL,21
110,53,EL,26
110,54,EL,26
110,55,EL,28
110,56,EL,29
110,57,EL,26
110,58,EL,29
110,59,EL,28
110,60,EL,21
110,61,EL,28
110,62,EL,28
110,63,EL,28
110,64,EL,24
110,65,EL,24
110,66,EL,29
110,67,EL,29
110,68,EL,24
110,69,EL,24
110,70,EL,29
110,71,EL,24
110,72,EL,21
110,73,EL,21
110,74,EL,21
110,75,EL,29
110,76,EL,28
110,77,EL,28
110,78,EL,21
110,79,EL,25
110,80,EL,20
110,81,EL,21
110,82,EL,28
110,83,EL,28
110,84,EL,28
110,85,EL,28
110,86,EL,28
110,87,EL,28
110,88,EL,28
110,89,EL,12
110,90,EL,28
110,91,EL,12
110,92,EL,28
110,93,EL,28
110,94,EL,21
110,95,EL,29
110,96,EL,29
110,97,EL,20
110,98,EL,28
110,99,EL,28
110,100,EL,28
110,101,EL,28
110,102,EL,20
110,103,EL,24
110,104,EL,28
110,105,EL,29
110,106,EL,29
110,107,EL,29
110,117,EL,2
110,118,EL,30
110,119,EL,2
110,120,EL,25
110,121,EL,28
110,122,EL,28
110,123,EL,25
110,124,EL,26
110,125,EL,25
110,126,EL,25
110,127,EL,26
111,5,EL,20
111,6,EL,21
111,7,EL,17
111,8,EL,17
111,9,EL,21
111,10,EL,17
111,11,EL,17
111,12,EL,17
111,13,EL,17
111,14,EL,17
111,15,EL,17
111,16,EL,17
111,17,EL,17
111,18,EL,17
111,19,EL,17
111,20,EL,17
111,21,EL,29
111,22,EL,29
111,23,EL,29
111,24,EL,17
111,25,EL,17
111,26,EL,17
111,27,EL,17
111,28,EL,12
111,29,EL,17
111,30,EL,17
111,31,EL,17
111,32,EL,21
111,33,EL,16
111,34,EL,17
111,35,EL,17
111,36,EL,29
111,37,EL,29
111,38,EL,29
111,39,EL,29
111,40,EL,20
111,41,EL,20
111,42,EL,12
111,43,EL,12
111,44,EL,23
111,45,EL,23
111,46,EL,23
111,47,EL,23
111,48,EL,23
111,49,EL,20
111,50,EL,20
111,51,EL,21
111,52,EL,21
111,53,EL,21
111,54,EL,26
111,55,EL,28
111,56,EL,29
111,57,EL,21
111,58,EL,28
111,59,EL,28
111,60,EL,28
111,61,EL,28
111,62,EL,26
111,63,EL,28
111,64,EL,28
111,65,EL,29
111,66,EL,29
111,67,EL,24
111,68,EL,24
111,69,EL,24
111,70,EL,24
111,71,EL,12
111,72,EL,12
111,73,EL,21
111,74,EL,21
111,75,EL,21
111,76,EL,21
111,77,EL,21
111,78,EL,21
111,79,EL,21
111,80,EL,28
111,81,EL,21
111,82,EL,28
111,83,EL,28
111,84,EL,28
111,85,EL,28
111,86,EL,28
111,87,EL,28
111,88,EL,28
111,89,EL,28
111,90,EL,28
111,91,EL,28
111,92,EL,28
111,93,EL,21
111,94,EL,21
111,95,EL,28
111,96,EL,20
111,97,EL,21
111,98,EL,28
111,99,EL,28
111,100,EL,28
111,101,EL,30
111,102,EL,21
111,103,EL,21
111,104,EL,29
111,105,EL,29
111,106,EL,29
111,107,EL,29
111,108,EL,17
111,109,EL,17
111,116,EL,13
111,117,EL,20
111,118,EL,2
111,119,EL,25
111,120,EL,28
111,121,EL,28
111,122,EL,28
111,123,EL,25
111,124,EL,26
111,125,EL,25
111,126,EL,25
111,127,EL,28
112,2,EL,30
112,3,EL,25
112,4,EL,17
112,5,EL,17
112,6,EL,17
112,7,EL,17
112,8,EL,17
112,9,EL,17
112,10,EL,17
112,11,EL,29
112,12,EL,29
112,13,EL,29
112,14,EL,29
112,15,EL,29
112,16,EL,17
112,17,EL,17
112,18,EL,29
112,19,EL,29
112,20,EL,17
112,21,EL,28
112,22,EL,29
112,23,EL,29
112,24,EL,21
112,25,EL,17
112,26,EL,17
112,27,EL,29
112,28,EL,20
112,29,EL,21
112,30,EL,13
112,31,EL,13
112,32,EL,21
112,33,EL,25
112,34,EL,17
112,35,EL,25
112,36,EL,29
112,37,EL,25
112,38,EL,21
112,39,EL,29
112,40,EL,12
112,41,EL,12
112,42,EL,21
112,43,EL,20
112,44,EL,12
112,45,EL,12
112,46,EL,29
112,47,EL,29
112,48,EL,23
112,49,EL,21
112,50,EL,21
112,51,EL,25
112,52,EL,21
112,53,EL,21
112,54,EL,21
112,55,EL,21
112,56,EL,28
112,57,EL,28
112,58,EL,28
112,59,EL,32
112,60,EL,24
112,61,EL,24
112,62,EL,26
112,63,EL,26
112,64,EL,28
112,65,EL,28
112,66,EL,31
112,67,EL,31
112,68,EL,32
112,69,EL,29
112,70,EL,24
112,71,EL,24
112,72,EL,29
112,73,EL,29
112,74,EL,29
112,75,EL,29
112,76,EL,21
112,77,EL,24
112,78,EL,24
112,79,EL,21
112,80,EL,28
112,81,EL,28
112,82,EL,29
112,83,EL,29
112,84,EL,28
112,85,EL,28
112,86,EL,21
112,87,EL,28
112,88,EL,28
112,89,EL,21
112,90,EL,28
112,91,EL,28
112,92,EL,29
112,93,EL,24
112,94,EL,21
112,95,EL,29
112,96,EL,32
112,97,EL,28
112,98,EL,26
112,99,EL,29
112,100,EL,28
112,101,EL,29
112,102,EL,24
112,103,EL,24
112,104,EL,29
112,105,EL,25
112,106,EL,25
112,107,EL,25
112,108,EL,17
112,109,EL,2
112,110,EL,21
112,116,EL,13
112,117,EL,13
112,118,EL,20
112,119,EL,20
112,120,EL,30
112,121,EL,29
112,122,EL,25
112,123,EL,30
112,124,EL,25
112,125,EL,25
112,126,EL,28
112,127,EL,28
113,0,EL,17
113,1,EL,17
113,2,EL,25
113,3,EL,25
113,4,EL,17
113,5,EL,17
113,6,EL,20
113,7,EL,28
113,8,EL,17
113,9,EL,17
113,10,EL,17
113,11,EL,29
113,12,EL,29
113,13,EL,26
113,14,EL,26
113,15,EL,29
113,16,EL,29
113,17,EL,29
113,18,EL,29
113,19,EL,29
113,20,EL,17
113,21,EL,17
113,22,EL,29
113,23,EL,29
113,24,EL,17
113,25,EL,21
113,26,EL,21
113,27,EL,21
113,28,EL,17
113,29,EL,21
113,30,EL,13
113,31,EL,17
113,32,EL,21
113,33,EL,25
113,34,EL,25
113,35,EL,21
113,36,EL,25
113,37,EL,25
113,38,EL,25
113,39,EL,28
113,40,EL,28
113,41,EL,12
113,42,EL,12
113,43,EL,20
113,44,EL,12
113,45,EL,12
113,46,EL,29
113,47,EL,29
113,48,EL,12
113,49,EL,21
113,50,EL,12
113,51,EL,25
113,52,EL,21
113,53,EL,26
113,54,EL,28
113,55,EL,28
113,56,EL,29
113,57,EL,28
113,58,EL,32
113,59,EL,32
113,60,EL,24
113,61,EL,24
113,62,EL,26
113,63,EL,24
113,64,EL,24
113,65,EL,29
113,66,EL,31
113,67,EL,31
113,68,EL,32
113,69,EL,32
113,70,EL,29
113,71,EL,29
113,72,EL,29
113,73,EL,29
113,74,EL,29
113,75,EL,29
113,76,EL,29
113,77,EL,24
113,78,EL,21
113,79,EL,21
113,80,EL,28
113,81,EL,28
113,82,EL,28
113,83,EL,28
113,84,EL,21
113,85,EL,28
113,86,EL,28
113,87,EL,28
113,88,EL,21
113,89,EL,24
113,90,EL,28
113,91,EL,28
113,92,EL,29
113,93,EL,28
113,94,EL,28
113,95,EL,29
113,96,EL,32
113,97,EL,32
113,98,EL,32
113,99,EL,28
113,100,EL,28
113,101,EL,26
113,102,EL,26
113,103,EL,26
113,104,EL,29
113,105,EL,25
113,106,EL,25
113,107,EL,25
113,108,EL,29
113,109,EL,21
113,110,EL,21
113,116,EL,13
113,117,EL,13
113,118,EL,16
113,119,EL,20
113,120,EL,30
113,121,EL,24
113,122,EL,30
113,123,EL,30
113,124,EL,25
113,125,EL,25
113,126,EL,28
113,127,EL,28
114,0,EL,25
114,1,EL,17
114,2,EL,17
114,3,EL,25
114,4,EL,25
114,5,EL,20
114,6,EL,20
114,7,EL,17
114,8,EL,17
114,9,EL,17
114,10,EL,17
114,11,EL,21
114,12,EL,29
114,13,EL,26
114,14,EL,28
114,15,EL,28
114,16,EL,29
114,17,EL,29
114,18,EL,29
114,19,EL,29
114,20,EL,20
114,21,EL,17
114,22,EL,21
114,23,EL,29
114,24,EL,29
114,25,EL,29
114,26,EL,21
114,27,EL,21
114,28,EL,17
114,29,EL,21
114,30,EL,21
114,31,EL,17
114,32,EL,24
114,33,EL,25
114,34,EL,25
114,35,EL,21
114,36,EL,25
114,37,EL,25
114,38,EL,25
114,39,EL,21
114,40,EL,12
114,41,EL,12
114,42,EL,20
114,43,EL,20
114,44,EL,25
114,45,EL,25
114,46,EL,29
114,47,EL,29
114,48,EL,12
114,49,EL,25
114,50,EL,25
114,51,EL,25
114,52,EL,21
114,53,EL,21
114,54,EL,26
114,55,EL,26
114,56,EL,28
114,57,EL,28
114,58,EL,32
114,59,EL,31
114,60,EL,24
114,61,EL,26
114,62,EL,26
114,63,EL,24
114,64,EL,24
114,65,EL,29
114,66,EL,29
114,67,EL,26
114,68,EL,31
114,69,EL,32
114,70,EL,29
114,71,EL,29
114,72,EL,29
114,73,EL,31
114,74,EL,29
114,75,EL,29
114,76,EL,29
114,77,EL,29
114,78,EL,21
114,79,EL,21
114,80,EL,28
114,81,EL,28
114,82,EL,28
114,83,EL,28
114,84,EL,21
114,85,EL,21
114,86,EL,28
114,87,EL,28
114,88,EL,29
114,89,EL,28
114,90,EL,28
114,91,EL,28
114,92,EL,28
114,93,EL,28
114,94,EL,28
114,95,EL,32
114,96,EL,26
114,97,EL,26
114,98,EL,28
114,99,EL,28
114,100,EL,26
114,101,EL,26
114,102,EL,26
114,103,EL,26
114,104,EL,28
114,105,EL,20
114,106,EL,21
114,107,EL,21
114,108,EL,29
114,109,EL,29
114,110,EL,17
114,116,EL,13
114,117,EL,13
114,118,EL,20
114,119,EL,20
114,120,EL,21
114,121,EL,28
114,122,EL,28
114,123,EL,21
114,124,EL,24
114,125,EL,28
114,126,EL,25
114,127,EL,25
115,0,EL,21
115,1,EL,25
115,2,EL,17
115,3,EL,17
115,4,EL,25
115,5,EL,25
115,6,EL,17
115,7,EL,17
115,8,EL,17
115,9,EL,17
115,10,EL,17
115,11,EL,21
115,12,EL,28
115,13,EL,26
115,14,EL,21
115,15,EL,28
115,16,EL,21
115,17,EL,26
115,18,EL,28
115,19,EL,25
115,20,EL,20
115,21,EL,20
115,22,EL,21
115,23,EL,20
115,24,EL,21
115,25,EL,17
115,26,EL,17
115,27,EL,21
115,28,EL,21
115,29,EL,13
115,30,EL,21
115,31,EL,24
115,32,EL,24
115,33,EL,25
115,34,EL,25
115,35,EL,17
115,36,EL,25
115,37,EL,17
115,38,EL,21
115,39,EL,21
115,40,EL,12
115,41,EL,25
115,42,EL,25
115,43,EL,25
115,44,EL,25
115,45,EL,25
115,46,EL,25
115,47,EL,29
115,48,EL,29
115,49,EL,25
115,50,EL,25
115,51,EL,24
115,52,EL,21
115,53,EL,28
115,54,EL,26
115,55,EL,26
115,56,EL,28
115,57,EL,28
115,58,EL,21
115,59,EL,21
115,60,EL,24
115,61,EL,24
115,62,EL,31
115,63,EL,32
115,64,EL,24
115,65,EL,25
115,66,EL,29
115,67,EL,26
115,68,EL,31
115,69,EL,29
115,70,EL,29
115,71,EL,29
115,72,EL,32
115,73,EL,31
115,74,EL,31
115,75,EL,31
115,76,EL,27
115,77,EL,29
115,78,EL,21
115,79,EL,21
115,80,EL,28
115,81,EL,28
115,82,EL,28
115,83,EL,28
115,84,EL,21
115,85,EL,21
115,86,EL,21
115,87,EL,21
115,88,EL,29
115,89,EL,29
115,90,EL,21
115,91,EL,21
115,92,EL,28
115,93,EL,28
115,94,EL,32
115,95,EL,32
115,96,EL,32
115,97,EL,28
115,98,EL,28
115,99,EL,28
115,100,EL,27
115,101,EL,27
115,102,EL,26
115,103,EL,26
115,104,EL,28
115,105,EL,20
115,106,EL,20
115,107,EL,25
115,108,EL,25
115,109,EL,29
115,116,EL,13
115,117,EL,13
115,118,EL,13
115,119,EL,20
115,120,EL,28
115,121,EL,28
115,122,EL,28
115,123,EL,28
115,124,EL,28
115,125,EL,28
115,126,EL,23
115,127,EL,25
116,0,EL,17
116,1,EL,17
116,2,EL,17
116,3,EL,17
116,4,EL,21
116,5,EL,21
116,6,EL,30
116,7,EL,30
116,8,EL,17
116,9,EL,17
116,10,EL,17
116,11,EL,17
116,12,EL,29
116,13,EL,26
116,14,EL,28
116,15,EL,28
116,16,EL,28
116,17,EL,28
116,18,EL,21
116,19,EL,21
116,20,EL,21
116,21,EL,21
116,22,EL,17
116,23,EL,17
116,24,EL,21
116,25,EL,20
116,26,EL,17
116,27,EL,17
116,28,EL,21
116,29,EL,13
116,30,EL,13
116,31,EL,17
116,32,EL,17
116,33,EL,25
116,34,EL,25
116,35,EL,21
116,36,EL,25
116,37,EL,20
116,38,EL,17
116,39,EL,25
116,40,EL,21
116,41,EL,25
116,42,EL,25
116,43,EL,25
116,44,EL,24
116,45,EL,24
116,46,EL,24
116,47,EL,24
116,48,EL,24
116,49,EL,26
116,50,EL,24
116,51,EL,24
116,52,EL,24
116,53,EL,28
116,54,EL,29
116,55,EL,26
116,56,EL,29
116,57,EL,26
116,58,EL,24
116,59,EL,24
116,60,EL,24
116,61,EL,24
116,62,EL,24
116,63,EL,26
116,64,EL,32
116,65,EL,29
116,66,EL,31
116,67,EL,29
116,68,EL,28
116,69,EL,32
116,70,EL,31
116,71,EL,31
116,72,EL,27
116,73,EL,27
116,74,EL,24
116,75,EL,24
116,76,EL,29
116,77,EL,28
116,78,EL,28
116,79,EL,29
116,80,EL,28
116,81,EL,24
116,82,EL,21
116,83,EL,26
116,84,EL,28
116,85,EL,29
116,86,EL,21
116,87,EL,29
116,88,EL,29
116,89,EL,29
116,90,EL,21
116,91,EL,28
116,92,EL,29
116,93,EL,27
116,94,EL,27
116,95,EL,27
116,96,EL,27
116,97,EL,27
116,98,EL,27
116,99,EL,32
116,100,EL,26
116,101,EL,29
116,102,EL,29
116,103,EL,29
116,104,EL,25
116,105,EL,25
116,106,EL,25
116,107,EL,25
116,108,EL,25
116,109,EL,29
116,110,EL,29
116,118,EL,13
116,119,EL,13
116,120,EL,17
116,121,EL,21
116,122,EL,21
116,123,EL,28
116,124,EL,23
116,125,EL,28
116,126,EL,25
116,127,EL,25
117,0,EL,28
117,1,EL,28
117,2,EL,28
117,3,EL,28
117,4,EL,28
117,5,EL,21
117,6,EL,21
117,7,EL,17
117,8,EL,17
117,9,EL,17
117,10,EL,17
117,11,EL,17
117,12,EL,26
117,13,EL,26
117,14,EL,21
117,15,EL,28
117,16,EL,28
117,17,EL,28
117,18,EL,25
117,19,EL,21
117,20,EL,21
117,21,EL,21
117,22,EL,29
117,23,EL,29
117,24,EL,17
117,25,EL,29
117,26,EL,29
117,27,EL,17
117,28,EL,13
117,29,EL,13
117,30,EL,13
117,31,EL,17
117,32,EL,25
117,33,EL,17
117,34,EL,17
117,35,EL,24
117,36,EL,17
117,37,EL,2
117,38,EL,25
117,39,EL,25
117,40,EL,25
117,41,EL,25
117,42,EL,25
117,43,EL,24
117,44,EL,24
117,45,EL,24
117,46,EL,24
117,47,EL,24
117,48,EL,23
117,49,EL,23
117,50,EL,26
117,51,EL,28
117,52,EL,28
117,53,EL,28
117,54,EL,29
117,55,EL,29
117,56,EL,26
117,57,EL,26
117,58,EL,26
117,59,EL,28
117,60,EL,32
117,61,EL,24
117,62,EL,24
117,63,EL,28
117,64,EL,32
117,65,EL,29
117,66,EL,29
117,67,EL,29
117,68,EL,28
117,69,EL,32
117,70,EL,31
117,71,EL,32
117,72,EL,31
117,73,EL,31
117,74,EL,24
117,75,EL,24
117,76,EL,28
117,77,EL,28
117,78,EL,28
117,79,EL,28
117,80,EL,21
117,81,EL,24
117,82,EL,26
117,83,EL,26
117,84,EL,28
117,85,EL,29
117,86,EL,29
117,87,EL,29
117,88,EL,29
117,89,EL,29
117,90,EL,29
117,91,EL,29
117,92,EL,29
117,93,EL,26
117,94,EL,27
117,95,EL,27
117,96,EL,32
117,97,EL,32
117,98,EL,32
117,99,EL,28
117,100,EL,29
117,101,EL,29
117,102,EL,29
117,103,EL,21
117,104,EL,25
117,105,EL,25
117,106,EL,25
117,107,EL,25
117,108,EL,25
117,109,EL,29
117,110,EL,4
117,120,EL,17
117,121,EL,20
117,122,EL,21
117,123,EL,28
117,124,EL,24
117,125,EL,28
117,126,EL,28
117,127,EL,28
118,0,EL,21
118,1,EL,21
118,2,EL,21
118,3,EL,28
118,4,EL,28
118,5,EL,28
118,6,EL,25
118,7,EL,29
118,8,EL,17
118,9,EL,17
118,10,EL,17
118,11,EL,17
118,12,EL,26
118,13,EL,26
118,14,EL,28
118,15,EL,28
118,16,EL,21
118,17,EL,28
118,18,EL,28
118,19,EL,28
118,20,EL,21
118,21,EL,21
118,22,EL,29
118,23,EL,29
118,24,EL,17
118,25,EL,17
118,26,EL,29
118,27,EL,17
118,28,EL,12
118,29,EL,12
118,30,EL,30
118,31,EL,17
118,32,EL,17
118,33,EL,17
118,34,EL,24
118,35,EL,24
118,36,EL,21
118,37,EL,21
118,38,EL,17
118,39,EL,17
118,40,EL,21
118,41,EL,21
118,42,EL,24
118,43,EL,24
118,44,EL,24
118,45,EL,21
118,46,EL,21
118,47,EL,23
118,48,EL,23
118,49,EL,23
118,50,EL,26
118,51,EL,26
118,52,EL,28
118,53,EL,26
118,54,EL,26
118,55,EL,24
118,56,EL,26
118,57,EL,26
118,58,EL,28
118,59,EL,28
118,60,EL,28
118,61,EL,24
118,62,EL,24
118,63,EL,28
118,64,EL,32
118,65,EL,21
118,66,EL,21
118,67,EL,28
118,68,EL,28
118,69,EL,32
118,70,EL,32
118,71,EL,32
118,72,EL,32
118,73,EL,29
118,74,EL,24
118,75,EL,29
118,76,EL,28
118,77,EL,29
118,78,EL,29
118,79,EL,21
118,80,EL,28
118,81,EL,21
118,82,EL,28
118,83,EL,28
118,84,EL,28
118,85,EL,28
118,86,EL,29
118,87,EL,28
118,88,EL,28
118,89,EL,28
118,90,EL,29
118,91,EL,29
118,92,EL,24
118,93,EL,26
118,94,EL,26
118,95,EL,28
118,96,EL,28
118,97,EL,32
118,98,EL,28
118,99,EL,28
118,100,EL,29
118,101,EL,24
118,102,EL,24
118,103,EL,24
118,104,EL,25
118,105,EL,21
118,106,EL,25
118,107,EL,25
118,108,EL,29
118,109,EL,29
118,110,EL,29
118,120,EL,20
118,121,EL,20
118,122,EL,17
118,123,EL,28
118,124,EL,28
118,125,EL,24
118,126,EL,28
118,127,EL,28
119,0,EL,21
119,1,EL,21
119,2,EL,28
119,3,EL,28
119,4,EL,28
119,5,EL,28
119,6,EL,25
119,7,EL,29
119,8,EL,29
119,9,EL,17
119,10,EL,17
119,11,EL,17
119,12,EL,26
119,13,EL,26
119,14,EL,29
119,15,EL,28
119,16,EL,21
119,17,EL,28
119,18,EL,28
119,19,EL,28
119,20,EL,17
119,21,EL,17
119,22,EL,21
119,23,EL,29
119,24,EL,17
119,25,EL,17
119,26,EL,17
119,27,EL,17
119,28,EL,12
119,29,EL,12
119,30,EL,12
119,31,EL,17
119,32,EL,17
119,33,EL,21
119,34,EL,24
119,35,EL,17
119,36,EL,17
119,37,EL,21
119,38,EL,17
119,39,EL,17
119,40,EL,21
119,41,EL,21
119,42,EL,21
119,43,EL,25
119,44,EL,23
119,45,EL,23
119,46,EL,21
119,47,EL,21
119,48,EL,21
119,49,EL,21
119,50,EL,20
119,51,EL,26
119,52,EL,28
119,53,EL,26
119,54,EL,26
119,55,EL,28
119,56,EL,24
119,57,EL,26
119,58,EL,21
119,59,EL,28
119,60,EL,28
119,61,EL,24
119,62,EL,28
119,63,EL,28
119,64,EL,28
119,65,EL,28
119,66,EL,28
119,67,EL,24
119,68,EL,28
119,69,EL,28
119,70,EL,29
119,71,EL,32
119,72,EL,29
119,73,EL,29
119,74,EL,29
119,75,EL,24
119,76,EL,24
119,77,EL,29
119,78,EL,29
119,79,EL,28
119,80,EL,28
119,81,EL,28
119,82,EL,28
119,83,EL,24
119,84,EL,29
119,85,EL,28
119,86,EL,29
119,87,EL,28
119,88,EL,28
119,89,EL,24
119,90,EL,21
119,91,EL,12
119,92,EL,28
119,93,EL,28
119,94,EL,28
119,95,EL,28
119,96,EL,28
119,97,EL,28
119,98,EL,28
119,99,EL,28
119,100,EL,21
119,101,EL,21
119,102,EL,24
119,103,EL,24
119,104,EL,25
119,105,EL,25
119,106,EL,25
119,107,EL,25
119,108,EL,29
119,109,EL,29
119,110,EL,29
119,120,EL,20
119,121,EL,20
119,122,EL,17
119,123,EL,17
119,124,EL,28
119,125,EL,28
119,126,EL,28
119,127,EL,23
120,0,EL,28
120,1,EL,20
120,2,EL,28
120,3,EL,28
120,4,EL,28
120,5,EL,25
120,6,EL,21
120,7,EL,30
120,8,EL,29
120,9,EL,17
120,10,EL,26
120,11,EL,26
120,12,EL,26
120,13,EL,29
120,14,EL,21
120,15,EL,21
120,16,EL,21
120,17,EL,21
120,18,EL,21
120,19,EL,28
120,20,EL,17
120,21,EL,17
120,22,EL,21
120,23,EL,28
120,24,EL,29
120,25,EL,17
120,26,EL,17
120,27,EL,17
120,28,EL,17
120,29,EL,12
120,30,EL,12
120,31,EL,20
120,32,EL,21
120,33,EL,21
120,34,EL,21
120,35,EL,21
120,36,EL,21
120,37,EL,21
120,38,EL,21
120,39,EL,21
120,40,EL,21
120,41,EL,21
120,42,EL,25
120,43,EL,25
120,44,EL,23
120,45,EL,17
120,46,EL,25
120,47,EL,25
120,48,EL,25
120,49,EL,20
120,50,EL,28
120,51,EL,18
120,52,EL,28
120,53,EL,28
120,54,EL,28
120,55,EL,28
120,56,EL,26
120,57,EL,26
120,58,EL,29
120,59,EL,29
120,60,EL,28
120,61,EL,23
120,62,EL,21
120,63,EL,28
120,64,EL,21
120,65,EL,32
120,66,EL,32
120,67,EL,32
120,68,EL,32
120,69,EL,32
120,70,EL,24
120,71,EL,24
120,72,EL,24
120,73,EL,28
120,74,EL,28
120,75,EL,28
120,76,EL,21
120,77,EL,21
120,78,EL,21
120,79,EL,21
120,80,EL,21
120,81,EL,28
120,82,EL,28
120,83,EL,24
120,84,EL,21
120,85,EL,25
120,86,EL,28
120,87,EL,21
120,88,EL,29
120,89,EL,29
120,90,EL,24
120,91,EL,24
120,92,EL,26
120,93,EL,26
120,94,EL,26
120,95,EL,29
120,96,EL,28
120,97,EL,28
120,98,EL,28
120,99,EL,28
120,100,EL,28
120,101,EL,29
120,102,EL,29
120,103,EL,15
120,104,EL,20
120,105,EL,25
120,106,EL,25
120,107,EL,29
120,108,EL,15
120,109,EL,29
120,110,EL,29
120,111,EL,29
120,120,EL,28
120,121,EL,2
120,122,EL,25
120,123,EL,25
120,124,EL,21
120,125,EL,21
120,126,EL,28
120,127,EL,25
121,0,EL,28
121,1,EL,28
121,2,EL,28
121,3,EL,26
121,4,EL,25
121,5,EL,25
121,6,EL,25
121,7,EL,29
121,8,EL,29
121,9,EL,28
121,10,EL,26
121,11,EL,26
121,12,EL,26
121,13,EL,21
121,14,EL,21
121,15,EL,21
121,16,EL,29
121,17,EL,21
121,18,EL,21
121,19,EL,21
121,20,EL,28
121,21,EL,20
121,22,EL,21
121,23,EL,29
121,24,EL,17
121,25,EL,21
121,26,EL,21
121,27,EL,17
121,28,EL,29
121,29,EL,29
121,30,EL,12
121,31,EL,20
121,32,EL,20
121,33,EL,25
121,34,EL,20
121,35,EL,20
121,36,EL,21
121,37,EL,21
121,38,EL,12
121,39,EL,17
121,40,EL,25
121,41,EL,21
121,42,EL,25
121,43,EL,25
121,44,EL,17
121,45,EL,17
121,46,EL,17
121,47,EL,25
121,48,EL,20
121,49,EL,28
121,50,EL,28
121,51,EL,28
121,52,EL,28
121,53,EL,28
121,54,EL,28
121,55,EL,21
121,56,EL,28
121,57,EL,26
121,58,EL,26
121,59,EL,32
121,60,EL,32
121,61,EL,32
121,62,EL,32
121,63,EL,32
121,64,EL,32
121,65,EL,32
121,66,EL,32
121,67,EL,32
121,68,EL,29
121,69,EL,28
121,70,EL,24
121,71,EL,24
121,72,EL,24
121,73,EL,24
121,74,EL,21
121,75,EL,28
121,76,EL,21
121,77,EL,21
121,78,EL,12
121,79,EL,28
121,80,EL,28
121,81,EL,28
121,82,EL,28
121,83,EL,24
121,84,EL,21
121,85,EL,29
121,86,EL,28
121,87,EL,21
121,88,EL,21
121,89,EL,21
121,90,EL,24
121,91,EL,29
121,92,EL,26
121,93,EL,26
121,94,EL,29
121,95,EL,24
121,96,EL,28
121,97,EL,28
121,98,EL,28
121,99,EL,28
121,100,EL,28
121,101,EL,28
121,102,EL,28
121,103,EL,24
121,104,EL,30
121,105,EL,17
121,106,EL,25
121,107,EL,25
121,108,EL,25
121,109,EL,15
121,110,EL,29
121,111,EL,29
121,120,EL,21
121,121,EL,21
121,122,EL,17
121,123,EL,24
121,124,EL,21
121,125,EL,21
121,126,EL,25
121,127,EL,25
122,0,EL,28
122,1,EL,28
122,2,EL,21
122,3,EL,21
122,4,EL,25
122,5,EL,25
122,6,EL,25
122,7,EL,29
122,8,EL,29
122,9,EL,25
122,10,EL,25
122,11,EL,21
122,12,EL,26
122,13,EL,21
122,14,EL,21
122,15,EL,28
122,16,EL,28
122,17,EL,28
122,18,EL,21
122,19,EL,21
122,20,EL,20
122,21,EL,20
122,22,EL,29
122,23,EL,29
122,24,EL,17
122,25,EL,17
122,26,EL,17
122,27,EL,17
122,28,EL,29
122,29,EL,29
122,30,EL,29
122,31,EL,20
122,32,EL,20
122,33,EL,20
122,34,EL,20
122,35,EL,20
122,36,EL,29
122,37,EL,29
122,38,EL,12
122,39,EL,17
122,40,EL,25
122,41,EL,25
122,42,EL,25
122,43,EL,25
122,44,EL,21
122,45,EL,25
122,46,EL,25
122,47,EL,25
122,48,EL,20
122,49,EL,28
122,50,EL,28
122,51,EL,21
122,52,EL,28
122,53,EL,28
122,54,EL,28
122,55,EL,28
122,56,EL,28
122,57,EL,26
122,58,EL,26
122,59,EL,28
122,60,EL,32
122,61,EL,32
122,62,EL,32
122,63,EL,32
122,64,EL,32
122,65,EL,32
122,66,EL,28
122,67,EL,32
122,68,EL,29
122,69,EL,29
122,70,EL,24
122,71,EL,24
122,72,EL,24
122,73,EL,24
122,74,EL,24
122,75,EL,24
122,76,EL,21
122,77,EL,21
122,78,EL,21
122,79,EL,28
122,80,EL,28
122,81,EL,28
122,82,EL,24
122,83,EL,24
122,84,EL,29
122,85,EL,29
122,86,EL,29
122,87,EL,29
122,88,EL,21
122,89,EL,28
122,90,EL,26
122,91,EL,26
122,92,EL,28
122,93,EL,28
122,94,EL,29
122,95,EL,21
122,96,EL,21
122,97,EL,24
122,98,EL,28
122,99,EL,28
122,100,EL,28
122,101,EL,28
122,102,EL,28
122,103,EL,15
122,104,EL,30
122,105,EL,15
122,106,EL,25
122,107,EL,25
122,108,EL,25
122,109,EL,15
122,110,EL,29
122,120,EL,21
122,121,EL,25
122,122,EL,26
122,123,EL,26
122,124,EL,25
122,125,EL,24
122,126,EL,25
122,127,EL,25
123,0,EL,21
123,1,EL,21
123,2,EL,21
123,3,EL,21
123,4,EL,21
123,5,EL,21
123,6,EL,21
123,7,EL,21
123,8,EL,21
123,9,EL,28
123,10,EL,28
123,11,EL,25
123,12,EL,26
123,13,EL,26
123,14,EL,29
123,15,EL,28
123,16,EL,28
123,17,EL,28
123,18,EL,28
123,19,EL,21
123,20,EL,20
123,21,EL,20
123,22,EL,29
123,23,EL,29
123,24,EL,29
123,25,EL,21
123,26,EL,17
123,27,EL,17
123,28,EL,29
123,29,EL,29
123,30,EL,29
123,31,EL,20
123,32,EL,20
123,33,EL,20
123,34,EL,20
123,35,EL,21
123,36,EL,29
123,37,EL,21
123,38,EL,21
123,39,EL,21
123,40,EL,12
123,41,EL,17
123,42,EL,13
123,43,EL,21
123,44,EL,21
123,45,EL,21
123,46,EL,25
123,47,EL,25
123,48,EL,21
123,49,EL,21
123,50,EL,21
123,51,EL,28
123,52,EL,28
123,53,EL,28
123,54,EL,28
123,55,EL,28
123,56,EL,28
123,57,EL,26
123,58,EL,28
123,59,EL,28
123,60,EL,32
123,61,EL,32
123,62,EL,28
123,63,EL,28
123,64,EL,32
123,65,EL,32
123,66,EL,23
123,67,EL,21
123,68,EL,26
123,69,EL,29
123,70,EL,26
123,71,EL,24
123,72,EL,24
123,73,EL,24
123,74,EL,24
123,75,EL,24
123,76,EL,21
123,77,EL,21
123,78,EL,21
123,79,EL,24
123,80,EL,21
123,81,EL,29
123,82,EL,24
123,83,EL,12
123,84,EL,24
123,85,EL,23
123,86,EL,29
123,87,EL,29
123,88,EL,28
123,89,EL,28
123,90,EL,26
123,91,EL,20
123,92,EL,24
123,93,EL,24
123,94,EL,21
123,95,EL,21
123,96,EL,20
123,97,EL,28
123,98,EL,28
123,99,EL,15
123,100,EL,21
123,101,EL,28
123,102,EL,28
123,103,EL,15
123,104,EL,15
123,105,EL,15
123,106,EL,15
123,107,EL,20
123,108,EL,15
123,109,EL,29
123,110,EL,29
123,120,EL,25
123,121,EL,25
123,122,EL,25
123,123,EL,26
123,124,EL,25
123,125,EL,21
123,126,EL,28
123,127,EL,28
124,0,EL,28
124,1,EL,28
124,2,EL,21
124,3,EL,28
124,4,EL,21
124,5,EL,21
124,6,EL,21
124,7,EL,21
124,8,EL,28
124,9,EL,29
124,10,EL,21
124,11,EL,28
124,12,EL,21
124,13,EL,21
124,14,EL,21
124,15,EL,28
124,16,EL,26
124,17,EL,26
124,18,EL,28
124,19,EL,28
124,20,EL,32
124,21,EL,28
124,22,EL,28
124,23,EL,29
124,24,EL,29
124,25,EL,29
124,26,EL,17
124,27,EL,17
124,28,EL,17
124,29,EL,17
124,30,EL,17
124,31,EL,17
124,32,EL,20
124,33,EL,21
124,34,EL,21
124,35,EL,21
124,36,EL,21
124,37,EL,21
124,38,EL,21
124,39,EL,25
124,40,EL,21
124,41,EL,17
124,42,EL,17
124,43,EL,21
124,44,EL,21
124,45,EL,28
124,46,EL,21
124,47,EL,21
124,48,EL,21
124,49,EL,25
124,50,EL,21
124,51,EL,29
124,52,EL,28
124,53,EL,21
124,54,EL,28
124,55,EL,28
124,56,EL,32
124,57,EL,28
124,58,EL,28
124,59,EL,28
124,60,EL,32
124,61,EL,32
124,62,EL,28
124,63,EL,32
124,64,EL,32
124,65,EL,28
124,66,EL,29
124,67,EL,29
124,68,EL,29
124,69,EL,29
124,70,EL,26
124,71,EL,26
124,72,EL,26
124,73,EL,32
124,74,EL,24
124,75,EL,29
124,76,EL,29
124,77,EL,26
124,78,EL,28
124,79,EL,28
124,80,EL,24
124,81,EL,24
124,82,EL,24
124,83,EL,29
124,84,EL,25
124,85,EL,29
124,86,EL,29
124,87,EL,29
124,88,EL,18
124,89,EL,28
124,90,EL,28
124,91,EL,28
124,92,EL,29
124,93,EL,29
124,94,EL,29
124,95,EL,29
124,96,EL,24
124,97,EL,15
124,98,EL,15
124,99,EL,15
124,100,EL,28
124,101,EL,28
124,102,EL,28
124,103,EL,20
124,104,EL,15
124,105,EL,15
124,106,EL,15
124,107,EL,15
124,108,EL,16
124,109,EL,16
124,119,EL,2
124,120,EL,28
124,121,EL,28
124,122,EL,28
124,123,EL,24
124,124,EL,25
124,125,EL,25
124,126,EL,28
124,127,EL,28
125,0,EL,28
125,1,EL,28
125,2,EL,21
125,3,EL,21
125,4,EL,23
125,5,EL,21
125,6,EL,21
125,7,EL,21
125,8,EL,28
125,9,EL,21
125,10,EL,28
125,11,EL,28
125,12,EL,21
125,13,EL,21
125,14,EL,28
125,15,EL,28
125,16,EL,26
125,17,EL,26
125,18,EL,28
125,19,EL,28
125,20,EL,32
125,21,EL,26
125,22,EL,28
125,23,EL,28
125,24,EL,21
125,25,EL,21
125,26,EL,21
125,27,EL,29
125,28,EL,29
125,29,EL,17
125,30,EL,17
125,31,EL,23
125,32,EL,21
125,33,EL,20
125,34,EL,21
125,35,EL,29
125,36,EL,21
125,37,EL,21
125,38,EL,21
125,39,EL,25
125,40,EL,17
125,41,EL,17
125,42,EL,17
125,43,EL,21
125,44,EL,28
125,45,EL,28
125,46,EL,21
125,47,EL,21
125,48,EL,26
125,49,EL,25
125,50,EL,25
125,51,EL,28
125,52,EL,28
125,53,EL,28
125,54,EL,28
125,55,EL,28
125,56,EL,32
125,57,EL,26
125,58,EL,29
125,59,EL,29
125,60,EL,32
125,61,EL,32
125,62,EL,28
125,63,EL,28
125,64,EL,32
125,65,EL,32
125,66,EL,28
125,67,EL,28
125,68,EL,28
125,69,EL,32
125,70,EL,32
125,71,EL,29
125,72,EL,29
125,73,EL,24
125,74,EL,24
125,75,EL,29
125,76,EL,21
125,77,EL,29
125,78,EL,29
125,79,EL,29
125,80,EL,28
125,81,EL,24
125,82,EL,21
125,83,EL,29
125,84,EL,24
125,85,EL,29
125,86,EL,29
125,87,EL,29
125,88,EL,29
125,89,EL,28
125,90,EL,24
125,91,EL,28
125,92,EL,29
125,93,EL,29
125,94,EL,29
125,95,EL,29
125,96,EL,24
125,97,EL,15
125,98,EL,17
125,99,EL,15
125,100,EL,15
125,101,EL,15
125,102,EL,21
125,103,EL,15
125,104,EL,15
125,105,EL,28
125,106,EL,28
125,107,EL,20
125,108,EL,20
125,109,EL,16
125,120,EL,28
125,121,EL,28
125,122,EL,28
125,123,EL,24
125,124,EL,21
125,125,EL,25
125,126,EL,28
125,127,EL,28
126,0,EL,28
126,1,EL,28
126,2,EL,21
126,3,EL,21
126,4,EL,28
126,5,EL,28
126,6,EL,25
126,7,EL,25
126,8,EL,28
126,9,EL,26
126,10,EL,26
126,11,EL,28
126,12,EL,21
126,13,EL,21
126,14,EL,21
126,15,EL,28
126,16,EL,28
126,17,EL,26
126,18,EL,28
126,19,EL,21
126,20,EL,21
126,21,EL,26
126,22,EL,28
126,23,EL,28
126,24,EL,29
126,25,EL,21
126,26,EL,21
126,27,EL,21
126,28,EL,17
126,29,EL,17
126,30,EL,23
126,31,EL,12
126,32,EL,28
126,33,EL,20
126,34,EL,20
126,35,EL,21
126,36,EL,28
126,37,EL,21
126,38,EL,21
126,39,EL,21
126,40,EL,21
126,41,EL,25
126,42,EL,25
126,43,EL,21
126,44,EL,28
126,45,EL,26
126,46,EL,26
126,47,EL,26
126,48,EL,25
126,49,EL,25
126,50,EL,25
126,51,EL,28
126,52,EL,28
126,53,EL,28
126,54,EL,28
126,55,EL,28
126,56,EL,32
126,57,EL,28
126,58,EL,28
126,59,EL,13
126,60,EL,28
126,61,EL,32
126,62,EL,28
126,63,EL,28
126,64,EL,13
126,65,EL,32
126,66,EL,28
126,67,EL,28
126,68,EL,28
126,69,EL,28
126,70,EL,24
126,71,EL,24
126,72,EL,24
126,73,EL,32
126,74,EL,24
126,75,EL,24
126,76,EL,20
126,77,EL,20
126,78,EL,29
126,79,EL,28
126,80,EL,29
126,81,EL,21
126,82,EL,23
126,83,EL,29
126,84,EL,29
126,85,EL,29
126,86,EL,29
126,87,EL,29
126,88,EL,21
126,89,EL,24
126,90,EL,24
126,91,EL,28
126,92,EL,29
126,93,EL,28
126,94,EL,28
126,95,EL,29
126,96,EL,24
126,97,EL,15
126,98,EL,15
126,99,EL,20
126,100,EL,28
126,101,EL,17
126,102,EL,15
126,103,EL,15
126,104,EL,15
126,105,EL,15
126,106,EL,17
126,107,EL,21
126,108,EL,20
126,109,EL,21
126,110,EL,17
126,120,EL,28
126,121,EL,28
126,122,EL,25
126,123,EL,28
126,124,EL,24
126,125,EL,25
126,126,EL,25
126,127,EL,28
127,0,EL,28
127,1,EL,28
127,2,EL,28
127,3,EL,28
127,4,EL,28
127,5,EL,28
127,6,EL,25
127,7,EL,28
127,8,EL,28
127,9,EL,26
127,10,EL,26
127,11,EL,26
127,12,EL,21
127,13,EL,21
127,14,EL,21
127,15,EL,21
127,16,EL,28
127,17,EL,28
127,18,EL,28
127,19,EL,29
127,20,EL,21
127,21,EL,21
127,22,EL,29
127,23,EL,29
127,24,EL,29
127,25,EL,21
127,26,EL,21
127,27,EL,21
127,28,EL,17
127,29,EL,20
127,30,EL,12
127,31,EL,12
127,32,EL,28
127,33,EL,28
127,34,EL,28
127,35,EL,28
127,36,EL,28
127,37,EL,21
127,38,EL,25
127,39,EL,25
127,40,EL,21
127,41,EL,21
127,42,EL,21
127,43,EL,21
127,44,EL,28
127,45,EL,28
127,46,EL,26
127,47,EL,26
127,48,EL,28
127,49,EL,25
127,50,EL,25
127,51,EL,21
127,52,EL,21
127,53,EL,28
127,54,EL,28
127,55,EL,32
127,56,EL,29
127,57,EL,29
127,58,EL,28
127,59,EL,13
127,60,EL,28
127,61,EL,28
127,62,EL,32
127,63,EL,28
127,64,EL,13
127,65,EL,28
127,66,EL,28
127,67,EL,28
127,68,EL,26
127,69,EL,28
127,70,EL,28
127,71,EL,24
127,72,EL,24
127,73,EL,32
127,74,EL,24
127,75,EL,24
127,76,EL,20
127,77,EL,20
127,78,EL,20
127,79,EL,28
127,80,EL,29
127,81,EL,23
127,82,EL,23
127,83,EL,23
127,84,EL,24
127,85,EL,29
127,86,EL,29
127,87,EL,21
127,88,EL,21
127,89,EL,28
127,90,EL,24
127,91,EL,24
127,92,EL,29
127,93,EL,29
127,94,EL,28
127,95,EL,15
127,96,EL,15
127,97,EL,15
127,98,EL,15
127,99,EL,20
127,100,EL,17
127,101,EL,17
127,102,EL,15
127,103,EL,15
127,104,EL,15
127,105,EL,17
127,106,EL,17
127,107,EL,17
127,108,EL,20
127,109,EL,20
127,120,EL,28
127,121,EL,28
127,122,EL,28
127,123,EL,25
127,124,EL,24
127,125,EL,25
127,126,EL,25
127,127,EL,24
