x,y,Insg,fernw,etagen,zentral
0,8,3,0,0,0
0,9,3,0,0,0
0,10,7,0,0,7
0,11,57,0,0,57
0,12,36,0,0,35
0,13,35,0,0,35
0,14,50,0,0,48
0,15,56,0,0,49
0,16,6,0,0,6
0,17,22,0,0,7
0,18,49,0,0,34
0,21,34,0,0,26
0,22,9,0,0,9
0,23,39,0,0,35
0,24,36,0,0,33
0,35,3,0,0,3
0,52,3,0,0,3
0,67,9,0,0,6
0,70,3,0,0,3
0,71,3,0,0,3
0,86,4,0,0,3
1,4,3,0,0,0
1,6,4,0,0,0
1,7,4,0,0,3
1,8,45,0,0,39
1,9,60,3,0,48
1,10,48,0,0,45
1,11,114,0,0,111
1,12,59,0,3,45
1,13,93,0,3,81
1,14,82,0,0,73
1,15,49,0,0,44
1,16,31,0,0,29
1,17,113,3,0,73
1,18,100,0,3,72
1,19,29,0,0,20
1,23,14,0,0,14
1,24,23,0,0,21
1,25,6,0,0,6
1,33,7,0,0,6
1,45,3,0,0,0
1,60,3,0,0,3
1,73,9,0,0,8
1,97,3,0,0,3
1,126,3,0,0,0
2,7,5,0,0,4
2,8,107,0,10,74
2,9,79,0,4,68
2,10,45,0,4,39
2,11,72,0,3,62
2,12,66,0,0,58
2,13,88,0,3,81
2,14,51,0,0,48
2,17,7,0,0,5
2,18,64,5,0,47
2,19,126,3,0,121
2,20,3,0,0,3
2,24,7,0,0,7
2,29,7,0,3,0
2,46,11,0,0,10
2,47,16,0,0,13
2,54,3,0,0,0
2,55,6,0,0,6
2,60,7,0,0,4
2,75,6,0,0,6
2,79,3,0,0,3
2,80,4,0,0,3
2,81,3,0,0,3
2,96,9,0,0,6
2,97,3,0,0,3
2,119,7,0,0,7
3,7,30,0,0,25
3,8,21,0,0,17
3,9,55,0,0,50
3,10,86,0,0,74
3,11,58,0,3,44
3,12,52,0,3,40
3,13,127,0,6,113
3,14,54,0,5,21
3,16,4,0,0,4
3,17,56,0,0,47
3,18,92,0,0,88
3,19,116,0,3,107
3,20,110,0,0,108
3,22,4,0,0,4
3,23,3,0,0,0
3,24,3,0,0,0
3,34,3,0,0,3
3,35,3,0,0,0
3,36,3,0,0,0
3,43,3,0,0,3
3,44,3,0,0,3
3,46,34,0,0,29
3,47,31,0,0,23
3,56,4,0,0,4
3,57,3,0,0,3
3,58,3,0,0,3
3,78,3,0,0,3
3,91,3,0,0,3
3,96,3,0,0,3
3,98,4,0,0,4
3,99,7,0,3,3
3,100,11,0,0,8
3,101,10,0,0,4
4,6,11,0,0,11
4,7,157,7,16,49
4,8,91,59,0,8
4,10,21,0,5,15
4,11,55,0,0,48
4,12,27,0,0,18
4,13,51,0,3,47
4,14,21,0,4,10
4,15,45,0,0,34
4,16,11,0,0,8
4,18,121,0,3,102
4,19,97,5,0,89
4,20,171,0,0,164
4,31,5,0,0,4
4,39,3,0,0,0
4,47,3,0,0,3
4,49,3,0,0,3
4,89,3,0,0,3
4,99,9,0,0,7
4,100,28,0,0,20
5,6,6,0,0,3
5,10,51,0,6,40
5,11,85,0,0,72
5,12,63,0,0,53
5,13,9,0,0,6
5,14,46,0,6,35
5,15,135,0,7,85
5,16,53,0,3,39
5,17,52,0,3,48
5,18,71,6,0,49
5,19,44,0,0,32
5,20,45,0,0,42
5,22,3,0,0,3
5,46,3,0,0,0
5,49,3,0,0,3
5,74,4,0,0,4
5,100,3,0,0,3
6,0,6,0,0,3
6,6,46,0,0,31
6,7,27,0,0,23
6,8,11,0,0,11
6,10,135,0,4,118
6,11,147,0,10,117
6,12,221,0,22,181
6,13,45,0,0,17
6,14,56,0,8,40
6,15,49,0,0,46
6,16,87,3,3,60
6,17,55,0,0,42
6,18,46,0,0,33
6,19,20,3,0,15
6,23,18,0,0,16
6,29,3,0,0,0
6,32,4,0,0,3
6,33,3,0,0,3
6,35,3,0,0,3
6,36,3,0,0,3
6,40,3,3,0,0
6,49,3,0,0,3
6,122,3,0,0,3
7,0,3,0,0,3
7,3,3,0,0,3
7,7,18,0,0,15
7,8,88,0,0,83
7,9,112,0,12,90
7,10,148,0,14,126
7,11,220,3,16,183
7,12,63,0,3,52
7,13,10,0,0,9
7,14,9,0,0,8
7,15,7,0,0,7
7,18,5,0,0,5
7,19,5,0,0,5
7,23,12,0,0,11
7,32,3,0,0,3
7,49,3,0,0,0
7,50,3,0,0,3
7,55,3,0,0,3
7,57,3,0,0,3
7,58,4,0,0,3
7,73,6,0,0,6
7,83,3,0,0,3
7,101,12,0,0,7
7,111,5,0,0,4
7,112,7,0,0,3
7,113,12,0,0,0
7,118,3,0,0,3
8,6,34,0,0,26
8,7,126,0,14,104
8,8,13,0,0,12
8,9,91,0,0,86
8,10,212,0,3,197
8,11,23,0,0,21
8,13,35,0,4,28
8,14,58,0,0,46
8,15,58,0,3,43
8,16,4,0,0,3
8,20,3,0,0,3
8,29,3,0,0,3
8,41,3,0,0,0
8,42,4,0,0,4
8,59,3,0,0,3
8,72,3,0,0,0
8,100,3,0,0,0
8,101,5,0,0,3
8,104,3,0,0,3
8,112,8,3,0,6
8,113,9,0,0,7
9,4,52,0,0,47
9,5,71,0,3,61
9,6,52,0,0,44
9,7,35,0,0,33
9,8,86,3,0,77
9,9,111,0,5,81
9,10,97,0,0,79
9,11,19,0,0,19
9,14,15,0,0,14
9,15,43,0,0,37
9,16,72,0,9,17
9,18,4,0,0,4
9,19,12,0,3,7
9,20,3,0,0,3
9,53,4,0,0,3
9,57,3,0,0,0
9,63,6,0,0,6
9,79,3,0,0,3
9,104,16,0,0,13
9,105,19,0,0,12
9,121,3,0,0,3
9,125,3,0,0,0
9,127,3,0,0,3
10,2,3,0,0,3
10,4,3,0,0,3
10,5,7,0,0,7
10,7,3,0,0,3
10,8,8,0,0,8
10,9,66,0,14,41
10,10,87,0,0,70
10,11,11,0,0,11
10,14,13,0,0,10
10,15,19,0,0,3
10,16,25,0,0,7
10,17,3,0,0,3
10,18,4,0,0,3
10,23,8,0,3,6
10,32,3,0,0,3
10,37,3,0,0,0
10,39,4,0,0,3
10,40,4,0,0,3
10,53,3,0,0,3
10,62,6,0,0,6
10,63,6,0,0,3
10,64,3,0,0,3
10,71,7,0,0,7
10,85,3,0,0,0
10,102,4,0,0,4
10,103,21,0,0,19
10,104,25,0,0,15
10,105,23,0,0,19
10,121,3,0,0,0
10,123,5,0,0,4
10,126,3,0,0,0
11,8,9,0,0,6
11,9,6,0,0,6
11,14,3,0,0,0
11,22,12,0,0,7
11,27,3,0,0,3
11,40,3,0,0,3
11,44,3,0,0,3
11,58,4,0,0,0
11,59,3,0,0,3
11,80,3,0,0,3
11,85,12,3,0,6
11,103,31,0,0,31
11,107,3,0,0,3
12,6,3,0,0,3
12,7,6,0,0,6
12,8,31,0,3,22
12,14,3,0,0,3
12,15,12,0,0,9
12,16,33,0,0,27
12,17,34,0,0,32
12,18,11,0,0,5
12,19,3,0,0,3
12,20,3,0,0,3
12,22,8,0,0,7
12,23,6,0,0,6
12,41,3,0,0,3
12,54,3,0,0,3
12,65,3,0,0,3
12,73,3,0,0,0
12,77,7,0,0,7
12,87,4,0,0,4
12,122,8,0,0,8
12,126,4,0,0,4
13,0,9,0,0,8
13,1,23,0,0,22
13,2,6,0,0,6
13,7,9,0,0,8
13,8,53,0,3,46
13,9,6,0,0,6
13,12,4,0,0,3
13,14,16,0,0,15
13,15,39,0,0,32
13,16,37,0,0,33
13,17,48,0,0,42
13,18,16,0,0,14
13,23,3,0,0,0
13,40,3,0,0,0
13,44,3,0,0,0
13,64,3,0,0,0
13,90,7,0,0,6
13,101,3,0,0,3
13,114,19,0,0,14
13,115,21,0,0,16
13,126,3,0,0,3
14,0,4,0,0,3
14,1,6,0,0,6
14,4,3,0,0,3
14,6,3,0,0,3
14,8,21,0,0,18
14,9,73,0,9,55
14,14,22,0,0,21
14,15,21,0,0,18
14,27,3,0,0,3
14,36,7,0,0,7
14,38,3,0,0,3
14,53,3,0,0,3
14,56,3,0,0,0
14,74,3,0,0,3
14,100,3,0,0,0
14,101,3,0,0,0
14,105,3,0,0,0
14,114,5,0,0,4
14,115,8,0,0,5
15,1,3,0,0,3
15,8,51,36,0,0
15,9,112,68,0,4
15,10,35,14,0,0
15,13,20,0,0,19
15,14,30,0,0,27
15,15,23,0,0,23
15,16,6,0,0,5
15,26,3,0,0,3
15,36,3,0,0,3
15,37,3,0,0,3
15,41,3,0,0,3
15,51,3,0,0,3
15,72,3,0,0,3
15,78,3,0,0,3
15,79,6,0,0,4
15,99,3,0,0,3
15,104,3,0,0,3
16,8,51,17,0,25
16,9,22,12,0,0
16,11,3,0,0,3
16,12,3,0,0,3
16,21,3,0,0,3
16,24,3,0,0,0
16,27,3,0,0,3
16,29,11,0,0,6
16,36,3,0,0,0
16,52,3,0,0,3
16,76,3,0,0,3
16,77,6,0,0,6
16,79,11,0,0,10
16,97,3,0,0,0
16,102,3,0,0,0
16,116,3,0,0,0
16,120,3,0,0,3
16,124,6,0,0,3
17,5,3,0,0,0
17,6,3,0,0,3
17,7,5,0,0,5
17,8,21,0,0,20
17,14,3,0,0,3
17,22,3,0,0,3
17,26,3,0,0,3
17,29,10,0,0,9
17,40,3,0,0,0
17,72,3,0,0,3
17,90,3,0,0,3
17,124,28,0,0,24
17,125,15,0,0,14
18,15,3,0,0,3
18,19,3,0,0,3
18,20,3,0,0,0
18,21,3,0,0,3
18,24,3,0,0,3
18,29,4,0,0,3
18,36,3,0,0,0
18,40,3,0,0,3
18,41,3,0,0,3
18,44,3,0,0,3
18,47,3,0,0,0
18,58,3,0,0,3
18,81,3,0,0,3
18,83,3,0,0,3
18,84,3,0,0,3
18,85,4,0,0,4
18,120,6,0,0,3
18,121,7,0,0,4
18,122,8,0,0,8
18,124,30,0,0,28
18,125,19,0,0,15
19,2,3,0,0,3
19,14,3,0,0,3
19,18,6,0,0,3
19,19,3,0,0,3
19,21,5,0,0,3
19,27,6,0,0,4
19,28,6,0,0,6
19,47,3,0,0,3
19,58,3,0,0,0
19,71,3,0,0,0
19,83,3,0,0,3
19,85,3,0,0,0
19,88,3,0,0,0
19,89,3,0,0,3
19,96,4,0,0,0
19,112,3,0,0,3
19,124,46,3,0,35
19,125,38,0,0,34
20,3,3,0,0,3
20,5,3,0,0,0
20,14,3,0,0,0
20,26,3,0,0,3
20,35,4,0,0,4
20,54,3,0,0,3
20,63,7,0,0,6
20,67,15,0,0,15
20,68,11,0,4,4
20,77,3,0,0,0
20,83,3,0,0,3
20,90,3,0,0,3
20,94,3,0,0,3
20,118,3,0,0,3
20,123,3,0,0,3
20,124,11,0,0,11
20,125,3,0,0,3
20,126,3,0,0,0
21,14,10,0,0,3
21,24,3,0,0,0
21,36,3,0,0,3
21,37,3,0,0,0
21,53,3,0,0,3
21,54,7,0,0,6
21,65,11,0,0,11
21,66,13,0,0,7
21,67,27,0,0,23
21,68,57,0,0,50
21,69,12,0,0,7
21,70,11,0,0,11
21,92,37,0,0,32
21,93,9,0,0,3
21,94,3,0,0,0
21,98,3,0,0,3
21,99,3,0,0,0
21,118,3,0,0,0
21,123,6,0,0,4
21,124,3,0,0,3
22,7,3,0,0,0
22,8,3,0,0,3
22,25,3,0,0,3
22,37,3,0,0,3
22,42,3,0,0,3
22,51,6,0,0,3
22,54,3,0,0,3
22,61,4,0,0,4
22,62,69,0,0,65
22,63,51,0,0,47
22,64,17,0,3,15
22,68,9,0,0,9
22,71,3,0,0,3
22,72,6,0,0,3
22,73,3,0,0,3
22,76,3,0,0,0
22,79,4,0,0,3
22,84,3,0,0,3
22,87,3,0,0,0
22,90,3,0,0,0
22,92,14,0,0,14
22,93,45,0,0,36
22,94,19,0,0,7
22,95,3,0,0,3
22,96,3,0,0,3
23,0,6,0,0,0
23,2,3,0,0,3
23,3,7,0,0,7
23,12,8,0,0,7
23,15,6,0,0,3
23,24,3,0,0,0
23,30,12,0,0,8
23,35,3,0,0,3
23,37,3,0,0,3
23,38,4,0,0,3
23,50,3,0,0,0
23,51,6,0,0,6
23,61,4,0,0,4
23,62,39,0,0,35
23,63,66,0,0,56
23,64,20,0,0,15
23,67,5,0,0,5
23,68,68,0,0,63
23,69,84,0,7,73
23,70,42,0,0,35
23,71,6,0,0,3
23,72,3,0,0,3
23,78,6,0,0,6
23,79,14,0,0,11
23,92,14,0,0,13
23,94,34,0,0,31
23,95,6,0,0,6
23,97,5,0,0,5
23,99,6,0,0,6
23,106,10,0,0,8
23,107,7,0,0,3
24,1,5,0,0,4
24,2,18,0,0,17
24,4,3,0,0,3
24,5,3,0,0,3
24,6,5,0,0,5
24,13,6,0,0,5
24,15,3,0,0,3
24,20,3,0,0,3
24,51,3,0,0,3
24,59,4,0,0,4
24,66,9,0,0,5
24,67,90,0,0,79
24,68,61,0,7,45
24,69,73,0,3,65
24,70,73,0,3,60
24,103,3,0,0,0
24,106,7,0,0,4
24,124,3,0,0,3
24,125,3,0,0,3
25,1,3,0,0,0
25,4,4,0,0,3
25,9,3,0,0,0
25,13,3,0,0,3
25,15,3,0,0,0
25,16,3,0,0,3
25,66,7,0,0,7
25,67,100,0,3,90
25,68,50,0,3,42
25,69,34,0,0,30
25,70,36,0,0,33
25,71,3,0,0,3
25,72,12,0,0,11
25,77,5,0,0,5
25,78,5,0,0,3
25,104,6,0,0,3
25,126,3,0,0,3
26,2,11,0,0,8
26,52,9,0,0,6
26,66,50,0,0,46
26,67,65,0,3,47
26,68,70,0,0,62
26,69,47,0,0,45
26,70,12,0,0,12
26,122,3,0,0,0
26,124,3,0,0,0
27,0,6,0,0,6
27,2,6,0,0,3
27,7,3,0,0,3
27,10,3,0,0,0
27,21,3,0,0,0
27,30,4,0,0,3
27,31,6,0,0,3
27,37,4,0,0,3
27,50,3,0,0,3
27,52,3,0,0,3
27,63,3,0,0,3
27,64,3,0,0,3
27,65,59,0,0,55
27,66,70,0,3,64
27,67,48,0,0,38
27,68,97,0,0,90
27,69,99,0,0,94
27,70,40,0,0,36
27,93,4,0,0,4
27,96,3,0,0,3
27,100,3,0,0,3
28,12,3,0,0,3
28,19,6,0,0,3
28,23,3,0,0,3
28,24,3,0,0,0
28,32,4,0,0,4
28,37,7,0,0,6
28,42,3,0,0,3
28,59,8,0,0,4
28,60,3,0,0,3
28,61,9,0,0,9
28,62,9,0,0,9
28,63,3,0,0,3
28,65,70,0,0,64
28,66,29,0,0,28
28,67,16,0,0,16
28,68,55,0,0,51
28,69,43,0,0,40
28,70,3,0,0,3
28,77,4,0,0,3
28,99,3,0,0,3
28,104,29,0,0,25
28,105,29,0,0,26
28,120,3,0,0,3
29,12,3,0,0,0
29,23,4,0,0,3
29,31,9,0,0,7
29,32,21,0,0,17
29,40,5,0,0,3
29,44,3,0,0,3
29,47,3,0,0,0
29,48,7,0,0,6
29,49,7,0,0,3
29,57,3,0,0,3
29,58,3,0,0,3
29,59,10,0,0,9
29,60,3,0,0,3
29,61,14,0,0,11
29,62,3,0,0,3
29,65,46,0,0,42
29,66,28,0,0,28
29,68,6,0,0,6
29,70,3,0,0,3
29,71,20,0,0,18
29,76,4,0,0,4
29,95,3,0,0,3
29,96,3,0,0,3
29,102,3,0,0,0
29,104,16,0,0,14
29,105,58,0,0,49
29,106,8,0,0,7
29,109,4,3,0,0
29,119,3,0,0,3
30,0,9,0,0,6
30,2,3,0,0,3
30,3,3,0,0,0
30,10,6,0,0,6
30,14,3,0,0,3
30,19,3,0,0,3
30,28,3,0,0,3
30,29,18,0,0,18
30,30,43,0,0,34
30,31,3,0,0,3
30,58,3,0,0,3
30,68,3,0,0,3
30,71,6,0,0,4
30,72,10,0,0,6
30,97,3,0,0,3
30,99,3,0,0,3
30,102,17,0,0,17
30,103,39,0,0,32
30,104,9,0,0,7
30,105,39,0,0,33
30,106,4,0,0,4
31,10,6,0,0,3
31,14,3,0,0,0
31,15,3,0,0,0
31,28,6,0,0,4
31,29,39,0,0,33
31,30,58,0,0,47
31,31,38,0,0,34
31,32,7,0,0,6
31,33,3,0,0,3
31,41,3,0,0,0
31,55,12,0,0,9
31,68,3,0,0,0
31,73,3,0,0,0
31,81,3,0,0,3
31,91,3,0,0,0
31,93,3,0,0,3
31,102,31,0,0,29
31,103,17,0,0,15
31,104,38,3,0,27
31,105,15,0,0,15
31,112,3,0,0,3
32,2,3,0,0,3
32,8,3,0,0,3
32,17,3,0,0,0
32,26,3,0,0,3
32,28,3,0,0,3
32,29,3,0,0,3
32,30,40,0,0,35
32,31,66,6,0,59
32,32,22,0,0,21
32,37,4,0,0,4
32,46,3,0,0,3
32,102,4,0,0,4
32,103,3,0,0,3
32,104,24,0,3,14
32,110,3,0,0,3
32,117,3,0,0,0
32,125,9,0,0,9
33,5,6,0,0,3
33,17,6,0,0,6
33,29,3,0,0,3
33,30,3,0,0,3
33,31,15,3,0,12
33,32,6,0,0,6
33,37,7,0,0,6
33,38,3,0,0,0
33,99,3,0,0,3
33,100,3,0,0,0
33,113,3,0,0,3
33,117,6,0,0,6
33,125,11,0,0,11
33,126,3,0,0,3
34,4,3,0,0,0
34,16,4,0,0,3
34,27,3,0,0,3
34,44,6,0,0,3
34,47,9,0,0,9
34,51,6,0,3,0
34,104,3,0,0,0
34,108,3,0,0,3
34,110,3,0,0,0
34,125,3,0,0,3
35,4,7,0,0,3
35,5,3,0,0,3
35,26,3,0,0,3
35,30,3,0,0,3
35,37,3,0,0,0
35,48,5,0,0,5
35,50,8,0,0,7
35,54,3,0,0,3
35,55,3,0,0,0
35,58,6,0,0,5
35,78,8,0,0,7
35,79,3,0,0,3
35,104,4,0,0,4
35,109,3,0,0,3
35,114,3,0,0,3
35,115,3,0,0,3
35,116,3,0,0,3
36,2,3,0,0,3
36,3,3,0,0,3
36,4,3,0,0,3
36,9,3,0,0,3
36,18,3,0,0,3
36,22,3,0,0,3
36,37,3,0,0,3
36,44,3,0,0,3
36,50,12,0,0,9
36,51,5,0,0,5
36,66,3,0,0,0
36,88,3,0,0,0
36,93,3,0,0,0
36,112,3,0,0,0
37,19,4,0,0,3
37,22,3,0,0,0
37,46,3,0,0,3
37,50,14,0,0,8
37,51,7,0,0,6
37,52,22,0,0,20
37,88,3,0,0,0
37,92,3,0,0,3
37,93,8,0,0,7
37,94,4,0,0,3
37,109,3,0,0,0
37,127,6,0,0,4
38,1,10,0,0,10
38,18,3,0,0,0
38,22,3,0,0,3
38,23,3,0,0,0
38,45,3,0,0,0
38,50,4,0,0,3
38,51,62,0,0,44
38,52,64,0,0,54
38,60,3,0,0,3
38,83,5,0,0,4
38,87,6,0,0,6
39,1,3,0,0,0
39,2,3,0,0,0
39,19,3,0,0,0
39,20,3,0,0,0
39,34,4,0,0,0
39,50,25,0,0,21
39,51,64,0,0,60
39,52,42,0,0,36
39,54,3,0,0,3
39,94,3,0,0,3
39,99,3,0,0,0
39,109,9,0,0,9
39,123,3,0,0,3
39,127,3,0,0,0
40,10,3,0,0,0
40,40,3,0,0,0
40,44,6,0,0,6
40,50,4,0,0,4
40,51,14,0,0,14
40,52,3,0,0,3
40,57,3,0,0,3
40,79,3,0,0,3
40,90,3,0,0,0
40,99,3,0,0,3
40,106,3,0,0,0
41,4,3,0,0,3
41,5,3,0,0,0
41,9,3,0,0,3
41,12,4,0,0,3
41,17,3,0,0,3
41,43,5,0,0,5
41,53,3,0,0,0
41,58,3,0,0,0
41,75,3,0,0,3
42,2,3,0,0,3
42,3,4,0,0,3
42,22,6,0,0,6
42,27,4,0,0,3
42,76,7,0,0,7
42,104,6,0,0,5
43,0,3,0,0,3
43,1,4,0,0,0
43,4,3,0,0,3
43,7,3,0,0,3
43,14,3,0,0,0
43,15,3,0,0,3
43,18,3,0,0,0
43,23,11,0,0,6
43,26,3,0,0,0
43,56,7,0,0,0
43,68,3,0,0,3
43,69,6,0,0,6
43,70,10,0,0,9
43,79,3,0,0,3
43,91,7,0,0,6
43,111,9,0,0,4
43,112,4,0,0,4
44,2,3,0,0,3
44,12,3,0,0,3
44,17,3,0,0,3
44,21,3,0,0,0
44,22,3,0,0,3
44,26,3,0,0,3
44,31,6,0,0,6
44,34,3,0,0,0
44,43,3,0,0,3
44,46,3,0,0,3
44,88,3,3,0,0
44,111,3,0,0,3
44,112,5,0,0,5
45,1,3,0,0,3
45,10,4,0,0,3
45,11,6,0,0,6
45,12,3,0,0,0
45,15,8,0,0,8
45,16,3,0,0,3
45,20,5,0,0,5
45,21,14,0,0,12
45,24,9,0,0,3
45,40,3,0,0,0
45,41,3,0,0,3
45,42,7,0,0,6
45,43,7,0,0,7
45,44,3,0,0,0
45,88,3,0,0,0
45,92,3,0,0,3
46,3,3,0,0,3
46,15,3,0,0,0
46,18,9,0,0,8
46,19,7,0,0,6
46,22,3,0,0,3
46,25,4,0,0,0
46,31,3,0,0,3
46,41,3,0,3,0
46,43,3,0,0,0
46,101,3,0,0,3
46,122,4,0,0,3
47,0,3,0,0,3
47,2,6,0,0,3
47,3,7,0,3,6
47,11,6,0,0,6
47,12,6,0,0,6
47,16,8,0,0,4
47,17,3,0,0,3
47,18,3,0,0,3
47,25,3,0,0,0
47,26,4,0,0,3
47,34,6,0,0,6
47,40,3,0,0,3
47,46,3,0,0,3
47,65,7,0,0,5
47,66,16,0,0,14
47,71,3,0,0,3
47,83,3,0,0,3
47,99,13,0,0,11
47,120,3,0,0,3
48,6,6,0,0,3
48,14,10,0,0,10
48,16,4,0,0,4
48,24,10,0,0,7
48,25,25,0,0,17
48,26,12,0,0,10
48,34,6,0,0,3
48,35,7,0,0,4
48,40,3,0,0,3
48,43,3,0,0,3
48,45,4,0,0,4
48,46,4,0,0,4
48,65,27,0,0,26
48,66,48,0,0,47
48,68,3,0,0,0
48,83,12,0,0,6
48,98,3,0,0,3
48,99,22,0,0,16
48,100,32,0,0,28
48,101,22,0,0,17
48,112,3,0,0,3
48,120,10,0,0,8
48,121,7,0,0,3
48,123,3,0,0,3
49,0,3,0,0,0
49,5,6,0,0,3
49,9,3,0,0,3
49,18,3,0,0,3
49,23,3,0,0,3
49,25,6,0,0,3
49,26,3,0,0,3
49,33,6,0,0,6
49,34,12,0,0,9
49,43,3,0,0,3
49,46,9,0,0,5
49,47,3,0,0,0
49,49,19,0,0,18
49,50,6,0,0,6
49,54,3,0,0,3
49,59,3,0,0,3
49,61,3,0,0,0
49,65,8,0,0,6
49,66,18,0,0,10
49,82,3,0,0,3
49,88,4,0,0,4
49,90,3,0,0,0
49,97,3,0,0,3
49,99,8,0,0,4
49,100,26,0,0,25
49,101,18,0,0,17
49,113,3,0,0,3
49,118,3,0,0,0
49,122,3,0,0,3
49,127,9,0,0,7
50,1,3,0,0,3
50,3,3,0,0,0
50,6,3,0,0,3
50,10,3,0,0,3
50,13,3,0,0,3
50,17,4,0,0,3
50,19,3,0,0,0
50,28,6,0,0,6
50,30,3,0,0,3
50,32,3,0,0,3
50,33,9,0,0,6
50,34,30,0,0,25
50,35,13,0,0,13
50,39,3,0,0,0
50,42,3,0,0,3
50,49,15,0,0,9
50,50,6,0,0,3
50,56,3,0,0,0
50,57,3,0,0,3
50,66,29,0,0,27
50,67,16,0,0,15
50,68,6,0,0,0
50,80,3,0,0,3
50,83,3,0,0,3
50,89,3,0,0,3
50,105,3,0,0,3
50,110,3,0,0,3
50,113,3,0,0,3
50,122,6,0,0,6
50,123,4,0,0,4
50,127,11,0,0,6
51,6,3,0,0,0
51,9,3,0,0,3
51,11,8,0,0,7
51,12,28,0,0,27
51,13,3,0,0,3
51,14,4,0,0,4
51,15,3,0,0,3
51,19,3,0,0,3
51,30,3,0,0,0
51,34,3,0,0,0
51,44,3,0,0,0
51,52,3,0,0,3
51,66,30,0,0,27
51,67,86,0,0,67
51,68,24,0,0,21
51,77,13,0,0,12
51,80,4,0,0,4
51,89,23,0,0,18
52,4,3,0,0,3
52,11,6,0,0,3
52,12,78,4,0,71
52,13,20,0,0,18
52,18,3,0,0,3
52,36,5,0,0,5
52,37,3,0,0,0
52,40,3,0,0,3
52,53,3,0,0,3
52,55,4,0,0,3
52,67,10,0,0,7
52,68,44,0,7,24
52,69,4,0,0,4
52,70,3,0,0,3
52,89,19,0,0,16
52,105,3,0,0,3
52,127,3,0,0,3
53,4,5,0,0,5
53,5,3,0,0,3
53,11,32,0,0,28
53,12,42,0,0,34
53,13,37,0,0,36
53,17,3,0,0,0
53,18,3,0,0,0
53,19,3,0,0,3
53,23,6,0,0,6
53,42,3,0,0,0
53,44,3,0,0,3
53,47,3,0,0,3
53,48,4,0,0,3
53,50,3,3,0,0
53,57,3,0,0,0
53,61,13,0,0,10
53,62,6,0,0,5
53,69,4,0,0,4
53,76,3,0,0,3
53,86,4,0,0,4
53,89,3,0,0,3
53,93,3,0,0,3
53,97,3,0,0,0
53,102,3,0,0,3
53,126,3,0,0,3
54,5,3,0,0,0
54,6,8,3,0,0
54,8,6,0,0,3
54,10,13,0,0,9
54,11,8,0,0,4
54,12,21,0,0,18
54,13,7,0,0,3
54,20,4,0,0,4
54,22,4,0,0,4
54,23,3,0,0,0
54,43,3,0,0,3
54,49,3,0,0,0
54,61,6,0,0,3
54,62,29,0,0,25
54,81,16,0,0,11
54,83,6,0,0,6
54,99,10,0,0,9
54,100,11,0,0,10
54,101,3,0,0,3
54,125,3,0,0,0
54,126,7,0,0,7
55,8,3,0,0,0
55,9,6,0,0,3
55,10,12,0,0,11
55,11,3,0,0,3
55,12,52,3,0,44
55,13,20,0,0,18
55,20,3,0,0,3
55,30,15,0,0,14
55,31,25,0,0,15
55,32,47,0,0,42
55,33,19,0,0,18
55,44,3,0,0,0
55,62,3,0,0,0
55,65,3,0,0,0
55,99,38,0,0,35
55,100,33,0,0,27
55,123,3,0,0,3
55,126,11,0,0,9
56,4,3,0,0,0
56,11,3,0,0,0
56,12,4,0,0,3
56,13,3,0,0,0
56,24,6,0,0,6
56,28,4,0,0,4
56,30,17,0,0,14
56,31,14,0,0,12
56,32,17,0,0,11
56,33,30,0,0,28
56,34,3,0,0,3
56,36,3,0,0,3
56,55,12,0,0,7
56,59,3,0,0,3
56,63,3,0,0,0
56,72,3,0,0,0
56,99,20,0,0,18
56,100,30,0,0,23
56,101,18,0,0,18
56,102,3,0,0,3
56,110,3,0,0,3
56,111,3,0,0,0
56,117,8,0,0,6
56,124,3,0,0,0
56,125,5,0,0,5
56,126,20,0,0,18
57,4,7,0,0,6
57,26,3,0,0,3
57,38,3,0,0,3
57,52,3,0,0,3
57,55,3,0,0,3
57,67,8,0,0,3
57,70,3,0,0,3
57,80,3,0,0,0
57,99,3,0,0,3
57,100,27,0,0,23
57,101,34,0,0,27
57,104,3,0,0,0
57,116,3,0,0,3
57,118,3,0,0,0
57,119,3,0,0,3
57,124,3,0,0,3
57,125,45,0,0,38
57,126,57,0,0,53
57,127,3,0,0,3
58,3,3,0,0,0
58,6,3,0,0,3
58,27,3,0,0,3
58,40,3,0,0,3
58,56,5,0,0,3
58,66,3,0,0,3
58,68,3,0,0,3
58,74,3,0,0,0
58,76,3,0,0,0
58,77,5,0,0,5
58,101,8,0,0,8
58,102,3,0,0,3
58,104,3,0,0,3
58,105,3,0,0,3
58,112,3,0,0,3
58,124,19,0,0,16
58,125,31,0,0,23
58,126,30,0,0,22
58,127,4,0,0,4
59,30,3,0,0,0
59,41,3,0,0,3
59,52,3,0,0,3
59,56,6,0,0,5
59,60,3,0,0,3
59,61,6,0,0,6
59,62,14,0,0,9
59,64,6,0,0,3
59,71,3,0,0,3
59,75,3,0,0,0
59,76,3,0,0,3
59,77,6,0,0,3
59,81,3,0,0,3
59,103,3,0,0,3
59,112,3,0,0,3
59,122,3,0,0,3
59,123,4,0,0,3
59,124,39,0,0,35
59,125,31,0,0,25
59,126,8,0,0,8
60,4,6,0,0,6
60,21,3,0,0,3
60,31,3,0,0,3
60,36,3,0,0,3
60,37,17,0,0,11
60,61,15,0,0,12
60,62,16,0,0,11
60,71,3,0,0,3
60,77,3,0,0,0
60,81,7,0,0,3
60,82,3,0,0,3
60,87,5,0,0,5
60,96,3,0,0,3
60,97,3,0,0,0
61,0,3,0,0,3
61,6,10,0,0,10
61,22,3,0,0,3
61,27,4,0,0,3
61,28,6,0,0,6
61,39,3,0,0,3
61,42,3,0,0,0
61,65,4,0,0,3
61,69,3,0,0,3
61,78,11,0,0,11
61,79,9,0,0,6
61,85,5,0,0,5
61,86,23,0,0,17
61,91,3,0,0,3
61,95,3,0,0,3
62,0,3,0,0,3
62,21,3,0,0,3
62,37,3,0,0,0
62,43,7,0,0,6
62,65,22,0,0,19
62,67,3,0,0,3
62,78,26,0,0,22
62,79,26,0,3,16
62,80,3,0,0,3
62,81,3,0,0,3
62,85,4,0,0,4
62,86,6,0,0,4
62,87,3,0,0,3
62,97,3,0,0,3
62,118,4,0,0,3
62,121,7,0,0,6
63,4,3,0,0,3
63,9,3,0,0,0
63,25,7,6,0,0
63,26,3,3,0,0
63,30,5,0,0,4
63,33,3,0,0,0
63,42,13,0,0,9
63,64,3,0,0,3
63,65,6,0,0,6
63,78,3,0,0,3
63,79,11,0,0,10
63,82,4,0,0,4
63,97,7,0,0,4
64,3,22,0,0,20
64,4,3,0,0,3
64,6,3,0,0,3
64,21,3,0,0,0
64,22,3,0,0,3
64,25,9,0,0,0
64,33,5,0,0,4
64,41,3,0,0,3
64,42,14,0,0,11
64,43,3,0,0,3
64,82,3,0,0,0
64,96,6,0,0,4
64,97,3,0,0,3
64,107,8,0,0,8
64,109,7,0,0,3
65,4,3,0,0,0
65,5,3,0,0,3
65,9,3,0,0,3
65,28,3,0,0,3
65,31,3,0,0,3
65,40,6,0,0,5
65,41,3,0,0,3
65,107,22,0,0,15
65,108,20,0,0,14
65,111,5,0,0,3
66,0,3,0,0,3
66,9,4,0,0,4
66,21,4,0,0,3
66,29,12,0,0,11
66,36,3,0,0,0
66,42,3,0,0,3
66,43,3,0,0,3
66,64,3,0,0,0
66,69,6,0,0,3
66,85,3,0,0,3
66,103,3,0,0,3
66,107,3,0,0,3
66,110,10,0,0,3
66,111,6,0,0,3
67,0,3,0,0,3
67,4,14,0,0,11
67,21,4,0,0,3
67,28,4,0,0,0
67,29,11,0,0,6
67,38,12,0,0,11
67,42,3,0,0,3
67,44,4,0,0,4
67,68,3,0,0,0
67,69,14,0,0,9
67,70,5,0,0,4
67,73,3,0,0,3
67,84,3,0,0,3
67,105,3,0,0,3
67,112,8,0,0,3
68,8,4,0,0,4
68,22,10,0,0,10
68,24,3,0,0,3
68,28,3,0,0,3
68,38,4,0,0,3
68,39,3,0,0,3
68,40,3,0,0,0
68,45,3,0,0,0
68,51,3,0,0,3
68,71,3,0,0,3
68,81,3,0,0,3
68,91,3,0,0,0
68,105,4,0,0,3
68,108,8,0,0,6
68,109,39,0,0,30
68,110,8,0,0,8
69,22,3,0,0,3
69,25,3,0,0,0
69,30,3,0,0,3
69,32,3,0,0,0
69,39,4,0,0,4
69,72,3,0,0,0
69,80,6,0,0,0
69,81,3,0,0,0
69,86,3,0,0,3
69,106,29,0,0,26
69,107,18,0,0,13
69,108,3,0,0,3
69,109,25,0,0,19
69,110,35,0,0,31
70,4,6,0,0,3
70,5,3,0,0,3
70,7,4,0,0,4
70,29,3,0,0,3
70,48,3,0,0,3
70,62,3,0,0,3
70,74,6,0,0,0
70,111,17,0,0,14
71,0,3,0,0,0
71,16,3,0,0,3
71,33,3,0,0,0
71,71,9,0,0,9
71,77,4,0,0,4
71,78,3,0,0,0
71,83,3,0,0,3
71,86,3,0,0,0
71,87,6,0,0,3
71,89,6,0,0,6
71,90,17,0,0,15
71,91,6,0,0,4
71,105,3,0,0,0
71,110,12,0,0,12
71,111,48,0,0,41
72,29,3,0,0,3
72,42,9,0,0,7
72,43,7,0,0,6
72,49,3,0,0,3
72,54,3,0,0,0
72,63,3,0,0,3
72,69,10,0,0,9
72,70,24,0,0,19
72,71,29,0,0,27
72,77,3,0,0,3
72,86,4,0,0,4
72,87,6,0,0,5
72,89,23,0,0,19
72,90,58,0,4,45
72,91,83,0,10,53
72,111,12,0,0,12
73,8,3,0,0,0
73,10,3,0,0,3
73,41,3,0,0,3
73,42,27,0,0,23
73,43,44,0,0,35
73,49,3,0,0,3
73,69,13,0,0,11
73,70,62,0,0,50
73,71,30,0,0,28
73,72,7,0,0,5
73,84,6,0,0,6
73,85,63,0,3,55
73,86,15,0,0,15
73,87,49,5,3,34
73,88,6,0,0,3
73,90,20,0,0,16
73,91,31,0,3,11
74,21,3,0,0,3
74,27,3,0,0,3
74,33,3,0,0,3
74,34,17,0,0,13
74,42,15,0,3,11
74,43,21,0,0,17
74,44,3,0,0,3
74,47,3,0,0,3
74,69,7,0,0,7
74,70,20,0,0,12
74,71,67,0,0,56
74,72,7,0,0,6
74,84,41,0,3,35
74,85,88,0,0,82
74,86,81,0,3,71
74,87,60,0,0,54
74,88,9,0,0,7
74,89,4,0,0,4
74,90,3,0,0,3
74,101,4,0,0,3
74,103,28,0,0,17
74,104,5,0,0,3
75,4,3,0,0,3
75,10,10,0,4,5
75,34,8,0,0,7
75,42,15,0,0,13
75,43,19,0,0,18
75,55,3,3,0,0
75,62,4,0,0,0
75,70,12,0,0,10
75,71,10,0,0,10
75,78,3,0,0,3
75,85,26,0,3,17
75,86,65,0,0,53
75,87,57,0,3,40
75,88,11,0,0,10
75,89,77,0,0,52
75,92,13,0,0,9
75,93,3,0,0,3
75,94,32,0,0,19
75,95,79,0,3,56
75,96,38,0,7,27
75,97,3,0,0,3
75,101,4,0,0,4
75,102,21,0,0,14
75,103,18,0,0,10
75,104,21,0,0,19
75,105,3,0,0,3
76,1,3,0,0,3
76,10,8,0,0,8
76,11,12,0,0,12
76,24,3,0,0,0
76,42,3,0,0,3
76,45,9,0,0,6
76,46,3,0,0,0
76,48,3,0,0,3
76,83,20,8,0,0
76,84,3,0,0,3
76,85,18,0,0,14
76,86,52,0,0,41
76,87,111,0,4,90
76,88,45,0,0,35
76,89,101,0,3,76
76,90,114,0,0,86
76,91,102,0,7,83
76,92,117,0,13,78
76,93,42,0,5,20
76,94,88,0,0,66
76,95,77,0,3,53
76,96,11,0,0,8
76,97,3,0,0,3
76,103,19,0,0,14
76,104,10,0,0,8
76,105,3,0,0,0
76,112,4,0,0,0
77,2,3,0,0,3
77,3,3,0,0,3
77,11,6,0,0,3
77,24,9,0,0,6
77,76,3,0,0,0
77,83,6,5,0,0
77,87,3,0,0,3
77,88,119,0,3,104
77,89,186,0,3,136
77,90,222,0,6,165
77,91,202,0,5,166
77,92,99,0,0,81
77,93,103,0,4,65
77,94,17,0,0,15
77,103,9,0,0,6
77,104,3,0,0,3
77,112,12,0,0,9
78,2,3,0,0,3
78,3,5,0,0,3
78,9,3,0,0,3
78,10,3,0,0,3
78,12,15,0,0,14
78,29,3,0,0,0
78,68,3,0,0,0
78,84,12,0,3,9
78,85,26,3,0,21
78,86,35,0,0,23
78,87,103,0,0,94
78,88,68,0,3,37
78,89,60,0,0,45
78,90,52,0,0,44
78,91,75,0,0,60
78,92,23,0,7,16
79,1,4,0,0,4
79,3,3,0,0,3
79,10,5,0,0,5
79,11,14,0,0,8
79,12,49,0,0,37
79,13,36,0,0,35
79,14,9,0,0,9
79,29,3,0,0,3
79,33,3,0,0,3
79,43,3,0,0,0
79,54,3,0,0,3
79,55,6,0,0,6
79,68,3,0,0,0
79,84,36,11,3,18
79,85,94,0,5,71
79,86,137,0,6,101
79,87,42,0,3,35
79,88,21,0,0,16
79,90,21,0,0,18
79,91,54,0,0,46
79,92,11,0,0,10
79,93,10,0,0,4
79,107,3,0,0,0
80,3,3,0,0,3
80,11,15,0,0,8
80,12,108,0,0,100
80,13,81,0,0,76
80,14,63,0,0,50
80,15,3,0,0,3
80,18,13,0,0,12
80,19,38,0,0,36
80,23,15,0,0,15
80,24,30,21,0,6
80,25,4,0,0,0
80,37,3,0,0,3
80,38,3,0,0,3
80,46,3,0,0,0
80,59,3,0,0,0
80,65,3,0,0,3
80,68,3,0,0,3
80,84,57,31,0,13
80,85,35,3,0,33
80,86,44,0,0,39
80,87,56,0,0,55
80,88,29,0,0,21
80,90,3,0,0,3
80,91,50,0,0,34
80,93,38,0,3,28
80,94,118,32,0,65
80,95,195,173,0,6
81,8,8,3,0,5
81,11,23,0,0,20
81,12,125,0,0,112
81,13,14,0,0,11
81,17,24,0,0,21
81,18,198,0,0,191
81,19,141,0,0,138
81,20,11,0,0,9
81,22,3,0,0,3
81,23,38,3,0,32
81,24,72,3,3,62
81,34,3,0,0,0
81,38,3,0,0,3
81,40,3,0,0,0
81,41,3,0,0,0
81,45,3,0,0,3
81,57,3,0,0,3
81,80,3,0,0,3
81,84,8,6,0,0
81,85,12,0,0,8
81,86,89,0,0,83
81,87,44,0,3,30
81,88,16,0,3,10
81,91,77,0,0,59
81,93,12,0,0,7
81,94,47,0,0,38
81,95,191,148,0,17
82,0,3,0,0,3
82,2,3,0,0,0
82,3,7,0,0,7
82,10,11,4,0,0
82,11,31,0,0,30
82,12,72,0,0,66
82,13,64,4,0,55
82,14,52,0,0,50
82,15,49,0,3,41
82,16,50,0,3,41
82,17,143,0,0,113
82,18,153,8,0,130
82,19,117,0,0,115
82,20,42,0,0,39
82,22,22,0,0,22
82,23,32,0,0,28
82,24,57,0,0,52
82,38,3,0,0,3
82,41,3,0,0,3
82,57,3,0,0,3
82,73,3,0,0,3
82,85,41,0,0,33
82,86,60,0,0,47
82,87,27,0,3,22
82,89,5,0,0,5
82,90,17,0,3,15
82,91,66,0,0,56
82,107,3,0,0,3
83,2,3,0,0,0
83,3,3,0,0,3
83,4,6,0,0,6
83,5,3,0,0,3
83,6,4,0,0,3
83,10,10,0,5,0
83,11,45,0,3,42
83,12,66,0,0,63
83,13,98,0,0,88
83,14,210,4,20,163
83,15,81,0,4,68
83,16,103,0,3,94
83,17,109,0,0,92
83,18,248,0,3,232
83,19,41,0,0,38
83,20,9,0,0,9
83,22,25,0,0,25
83,23,40,0,0,36
83,24,35,0,0,34
83,45,3,0,0,3
83,59,15,0,0,11
83,60,4,0,0,3
83,62,11,0,0,8
83,63,15,0,0,14
83,78,3,0,0,3
83,86,3,0,0,3
83,90,33,0,4,26
83,91,23,0,0,20
83,107,4,0,0,0
83,113,6,0,0,6
84,0,3,0,0,0
84,1,3,0,0,3
84,3,4,0,0,3
84,4,7,0,0,6
84,9,7,0,0,6
84,12,4,0,0,4
84,13,55,0,0,41
84,14,117,0,5,101
84,15,163,0,14,130
84,16,133,0,10,95
84,17,114,0,6,99
84,18,44,0,0,41
84,19,3,0,0,3
84,20,7,0,0,6
84,23,4,0,0,4
84,57,7,0,0,0
84,58,3,0,0,0
84,60,12,0,0,7
84,61,28,0,0,22
84,62,37,0,0,34
84,63,14,0,0,13
84,68,12,0,0,10
84,120,3,0,0,0
85,12,14,0,0,14
85,13,47,0,0,40
85,14,58,0,0,57
85,15,34,0,0,31
85,16,81,0,3,57
85,17,69,0,0,62
85,18,14,0,3,6
85,20,4,0,0,4
85,27,4,0,0,3
85,33,3,0,0,3
85,34,8,0,0,5
85,61,12,0,0,10
85,62,3,0,0,3
85,63,10,0,0,9
85,66,6,0,0,3
86,12,8,0,0,8
86,13,7,0,0,6
86,14,6,0,0,3
86,15,59,0,0,52
86,16,10,0,0,10
86,17,122,0,10,95
86,18,112,3,3,90
86,19,15,0,0,13
86,20,3,0,0,0
86,21,3,0,0,3
86,27,3,0,0,0
86,34,3,0,0,0
86,106,3,0,0,0
86,121,14,0,0,11
86,122,14,0,0,14
86,123,30,0,0,26
87,5,4,0,0,3
87,13,5,0,0,5
87,15,64,0,0,49
87,16,3,0,0,3
87,17,21,0,0,18
87,18,8,0,0,8
87,19,42,0,0,38
87,20,12,0,0,8
87,30,3,0,0,3
87,33,3,0,0,0
87,37,3,0,0,0
87,50,14,0,0,9
87,52,3,0,0,3
87,57,3,0,0,0
87,66,3,0,0,0
87,69,3,0,0,0
87,74,10,0,0,10
87,75,6,0,0,6
87,122,12,0,0,6
87,123,39,0,0,27
87,124,23,0,0,20
87,125,3,0,0,3
88,12,3,0,0,3
88,13,64,0,3,57
88,15,59,0,0,54
88,16,6,0,0,3
88,18,30,0,0,30
88,20,4,0,0,4
88,29,4,0,0,4
88,50,4,0,0,3
88,72,9,0,0,0
88,83,27,0,0,22
88,84,31,0,0,27
88,85,52,0,0,44
88,113,3,0,0,3
88,122,4,0,0,0
88,123,4,0,0,3
89,13,17,0,0,17
89,14,23,0,0,21
89,15,3,0,0,3
89,16,30,3,0,25
89,22,5,0,0,3
89,28,5,0,0,4
89,29,6,0,0,6
89,72,3,0,0,3
89,81,3,0,0,3
89,83,14,0,0,14
89,84,22,0,0,17
89,85,35,0,0,29
89,89,4,0,0,3
89,95,4,0,0,3
90,12,9,0,0,8
90,24,3,0,0,3
90,47,3,0,0,3
90,50,6,0,0,4
90,51,7,0,0,6
90,53,3,0,0,3
90,84,15,0,0,13
90,85,27,0,0,24
90,95,14,0,0,12
91,15,4,0,0,3
91,16,29,0,0,26
91,17,50,0,0,41
91,18,6,0,0,6
91,22,6,0,0,3
91,23,4,0,0,3
91,32,3,0,0,0
91,51,6,0,0,4
91,55,3,0,0,3
91,80,3,0,0,3
91,84,21,0,0,19
91,85,11,0,0,9
91,88,3,0,0,3
91,103,3,0,0,0
91,105,3,0,0,3
91,115,3,0,0,3
92,2,3,0,0,0
92,15,21,0,0,19
92,16,61,0,0,58
92,17,66,0,0,53
92,18,11,0,0,9
92,25,3,0,0,0
92,34,3,0,0,3
92,55,3,0,0,3
92,79,3,0,0,3
92,81,3,0,0,0
92,93,7,0,0,6
92,95,3,0,0,3
92,104,3,0,0,3
92,110,4,0,0,4
93,2,3,0,0,0
93,3,5,0,0,4
93,9,4,0,0,4
93,16,3,0,0,3
93,17,26,0,0,24
93,18,9,0,0,9
93,26,4,0,0,4
93,28,3,0,0,3
93,29,3,0,0,3
93,34,8,0,0,3
93,92,5,0,0,5
93,93,20,0,0,15
93,94,4,0,0,3
93,96,3,0,0,0
93,107,6,0,0,6
93,108,3,0,0,0
94,10,3,0,0,3
94,12,3,0,0,0
94,16,3,0,0,0
94,34,3,0,0,3
94,41,3,0,0,0
94,51,5,0,0,5
94,52,7,0,0,3
94,85,3,0,0,0
94,92,3,0,0,3
94,93,6,0,0,6
94,94,3,0,0,0
94,95,3,0,0,0
94,107,12,0,0,10
94,108,25,0,0,11
94,109,16,0,0,12
94,110,6,0,0,4
94,123,3,0,0,3
95,7,8,0,0,7
95,10,8,0,0,6
95,15,3,0,0,0
95,21,3,0,0,3
95,23,13,0,0,13
95,24,31,0,0,19
95,44,6,0,0,5
95,45,18,0,3,12
95,46,12,0,0,9
95,50,9,0,0,5
95,51,44,0,0,33
95,52,51,0,3,38
95,53,4,0,0,4
95,89,3,0,0,0
95,92,3,0,0,3
95,98,5,0,0,0
95,110,3,0,0,0
95,123,32,0,0,29
95,124,31,0,0,30
96,6,3,0,0,3
96,10,10,0,0,7
96,17,4,0,0,4
96,18,6,0,0,3
96,20,3,0,0,0
96,23,8,0,0,8
96,30,3,0,0,3
96,31,3,0,0,3
96,50,15,0,0,12
96,51,20,0,4,15
96,52,9,0,0,9
96,53,15,0,0,12
96,54,3,0,0,0
96,58,6,0,0,6
96,78,3,0,0,3
96,79,21,0,0,19
96,80,21,3,0,14
96,81,7,0,0,4
96,92,3,0,0,0
96,115,3,0,0,0
96,118,3,0,0,3
96,123,30,0,0,22
96,124,43,0,0,37
96,125,7,0,0,6
97,9,3,0,0,3
97,17,3,0,0,3
97,32,10,0,0,8
97,33,6,0,0,5
97,36,3,0,0,3
97,53,30,0,0,30
97,54,7,0,0,7
97,57,8,0,0,7
97,58,18,0,0,15
97,78,3,0,0,3
97,79,32,0,0,28
97,80,40,0,0,31
97,81,13,0,0,12
97,85,3,0,0,3
97,95,3,0,0,0
97,99,3,0,0,3
97,100,3,0,0,3
97,111,3,0,0,0
97,122,3,0,0,3
97,124,41,0,0,38
97,125,33,0,0,24
97,126,26,0,0,20
97,127,32,0,0,28
98,7,3,0,0,0
98,21,3,0,0,3
98,32,29,0,0,22
98,33,40,0,0,38
98,34,3,0,0,3
98,53,4,0,0,4
98,57,4,0,0,3
98,62,3,0,0,3
98,75,3,0,0,0
98,77,3,0,0,0
98,80,11,0,0,11
98,100,3,0,0,3
98,124,22,0,0,21
98,125,35,0,0,26
98,126,81,0,0,46
98,127,60,0,3,46
99,6,3,0,0,3
99,7,4,0,0,4
99,8,8,0,0,5
99,23,3,0,0,3
99,31,3,0,0,3
99,32,42,0,0,30
99,33,20,0,0,7
99,34,4,0,0,3
99,53,3,0,0,3
99,57,3,0,0,3
99,73,3,0,0,0
99,91,3,0,0,0
99,125,10,0,0,10
99,126,45,0,0,39
99,127,46,0,0,33
100,4,3,0,0,3
100,7,14,0,0,14
100,8,13,0,0,12
100,15,3,0,0,3
100,18,3,0,0,3
100,23,3,0,0,0
100,32,3,0,0,0
100,62,3,0,0,3
100,63,6,0,0,6
100,64,18,0,0,13
100,66,22,0,0,20
100,67,3,0,0,3
100,93,3,0,0,0
100,109,6,0,0,3
100,126,3,0,0,3
100,127,20,0,0,14
101,2,6,0,0,6
101,7,23,0,0,22
101,8,8,0,0,6
101,14,3,0,0,3
101,15,4,0,0,3
101,18,7,0,0,3
101,54,6,0,0,3
101,63,7,0,0,7
101,64,40,0,0,32
101,65,40,0,0,34
101,66,42,0,0,39
101,75,3,0,0,3
101,96,3,0,0,3
101,97,3,0,0,3
101,100,3,0,0,3
101,108,3,0,0,0
101,120,8,0,0,5
102,0,9,0,0,5
102,9,3,0,0,3
102,11,3,0,0,3
102,12,3,0,0,3
102,43,6,0,0,3
102,56,3,0,0,3
102,64,3,0,0,3
102,65,46,0,0,31
102,66,20,0,0,16
102,120,7,0,0,3
103,0,8,0,0,7
103,13,4,0,0,3
103,43,7,0,0,3
103,64,5,0,0,5
103,65,3,0,0,3
103,81,3,0,0,3
103,93,6,0,0,3
103,94,16,0,0,14
104,0,3,0,0,3
104,45,3,0,0,0
104,61,3,0,0,3
104,62,17,0,0,17
104,63,3,0,0,3
104,70,3,0,0,3
104,71,10,0,0,9
104,86,3,0,0,0
104,93,26,0,0,20
104,94,15,0,0,13
104,106,3,0,0,0
104,107,3,0,0,3
104,112,3,0,0,3
105,0,20,0,0,16
105,1,25,0,0,21
105,54,7,0,0,6
105,55,25,0,0,16
105,68,3,0,0,3
105,69,3,0,0,3
105,70,14,0,0,14
105,71,25,0,0,18
105,72,26,0,0,25
105,88,24,0,0,20
105,89,43,0,0,34
105,90,8,0,0,8
105,93,3,0,0,3
105,94,4,0,0,4
105,111,3,0,0,0
106,0,6,0,0,6
106,1,9,0,3,4
106,54,33,0,8,14
106,55,3,0,0,3
106,58,3,0,0,0
106,68,3,0,0,3
106,70,13,0,0,7
106,71,3,0,0,0
106,80,7,0,0,3
106,88,33,0,0,26
106,89,11,0,0,5
106,90,3,0,0,3
106,106,3,0,0,0
107,1,6,0,0,3
107,2,10,0,0,7
107,50,3,0,0,3
107,51,3,0,0,0
107,54,13,0,0,10
107,63,4,0,0,3
107,70,6,0,0,6
107,92,3,0,0,3
107,96,3,0,0,3
107,106,4,0,0,3
108,2,12,0,0,12
108,3,3,0,0,3
108,52,3,0,0,0
108,54,9,0,0,9
108,60,5,0,0,4
108,63,3,0,0,3
108,64,3,0,0,3
108,74,3,0,0,3
109,2,3,0,3,0
109,3,8,0,0,3
109,51,3,0,0,0
109,60,3,0,0,0
109,69,3,0,0,3
109,75,6,0,0,3
109,76,3,0,0,0
109,82,3,0,0,0
109,96,3,3,0,0
109,97,6,0,0,0
109,117,4,0,0,3
109,121,3,0,0,0
110,3,9,0,0,9
110,4,20,0,0,19
110,5,3,0,0,3
110,7,6,0,0,6
110,49,8,0,0,6
110,50,7,0,0,0
110,51,8,0,0,6
110,66,3,0,0,3
110,73,3,0,0,3
110,86,3,0,0,0
110,97,3,0,0,3
110,101,3,0,0,3
110,126,3,0,0,3
110,127,3,0,0,3
111,3,5,0,0,0
111,4,27,0,0,22
111,5,19,0,0,18
111,43,6,0,0,6
111,50,3,0,0,3
111,57,4,0,0,4
111,68,3,0,0,3
111,70,3,0,0,0
111,90,3,0,0,0
111,97,3,0,0,3
111,101,4,0,0,3
111,112,3,0,0,3
111,126,10,0,0,10
111,127,34,0,0,27
112,0,3,0,0,3
112,4,6,0,0,3
112,5,4,0,0,3
112,28,7,0,0,0
112,29,3,0,0,0
112,31,3,0,0,0
112,35,7,0,0,6
112,37,3,0,0,3
112,38,3,0,0,3
112,47,15,0,0,13
112,49,5,0,0,0
112,50,6,0,0,3
112,57,3,0,0,3
112,63,3,0,0,3
112,64,17,0,0,14
112,87,6,0,0,0
112,97,3,0,0,3
112,98,3,0,0,0
112,110,3,0,0,3
112,111,4,0,0,4
112,112,3,0,0,0
112,127,55,0,0,46
113,5,3,0,0,3
113,6,5,0,0,4
113,27,10,0,0,5
113,28,28,0,0,18
113,37,3,0,0,0
113,41,4,0,0,4
113,42,3,0,0,3
113,46,3,0,0,3
113,47,3,0,0,3
113,59,3,0,0,0
113,64,6,0,0,6
113,69,6,0,0,6
113,75,3,0,0,3
113,77,3,0,0,0
113,83,3,0,0,3
113,84,6,0,0,3
113,101,3,0,0,0
113,110,3,0,0,0
113,111,3,0,0,3
113,127,26,0,0,26
114,0,6,0,0,3
114,26,6,0,0,5
114,27,9,0,0,4
114,28,12,0,0,5
114,39,3,0,0,3
114,52,7,0,0,4
114,69,3,0,0,3
114,72,3,0,0,0
114,74,3,0,0,3
114,82,3,0,0,3
114,84,3,0,0,3
114,85,3,0,0,3
114,89,3,0,0,0
114,96,3,0,0,0
114,98,6,0,0,3
114,109,3,0,0,3
115,0,4,0,0,4
115,2,3,0,0,3
115,26,4,0,0,3
115,28,4,0,0,3
115,53,3,0,0,3
115,84,8,0,0,3
115,85,4,0,0,3
115,99,6,0,0,5
115,103,12,0,0,12
115,104,28,0,0,20
115,105,33,0,0,30
115,106,8,0,0,8
115,107,31,0,0,27
115,108,12,0,0,12
115,109,17,0,0,15
115,110,5,0,0,5
115,111,3,0,0,3
115,122,3,0,0,3
115,123,6,0,0,0
116,2,3,3,0,0
116,24,3,0,0,3
116,29,7,0,0,0
116,69,3,0,0,0
116,77,14,0,0,9
116,78,6,0,0,6
116,96,3,0,0,0
116,97,3,0,0,0
116,100,6,0,0,3
116,103,19,0,0,15
116,104,64,0,0,50
116,105,48,0,3,43
116,106,9,0,0,7
116,107,44,0,0,39
116,108,47,0,0,32
116,109,56,0,0,53
116,110,38,0,0,36
116,119,4,0,0,4
117,24,6,0,0,5
117,29,4,0,0,3
117,62,3,0,0,0
117,104,27,0,0,16
117,105,68,0,0,35
117,106,25,0,0,18
117,107,41,0,0,23
117,108,29,0,0,16
117,109,6,0,0,6
118,3,4,0,0,4
118,23,7,0,0,5
118,31,3,0,0,0
118,32,3,0,0,0
118,104,31,0,0,22
118,105,43,0,0,34
118,106,30,0,0,27
118,107,3,0,0,3
118,108,5,0,0,5
118,113,6,0,0,6
119,22,3,0,0,3
119,64,3,0,0,3
119,76,6,0,0,6
119,89,3,0,0,3
119,90,6,0,0,3
119,104,15,0,0,12
119,105,3,0,0,3
119,106,30,0,3,25
119,112,5,3,0,3
119,113,5,0,0,4
119,122,14,0,0,14
119,123,23,0,0,19
119,124,7,0,0,6
119,125,12,0,0,8
119,126,4,0,0,3
120,22,6,0,0,3
120,31,5,0,0,5
120,91,3,0,0,3
120,106,18,0,0,15
120,122,3,0,0,0
120,123,26,3,0,16
120,124,17,0,0,14
120,125,3,0,0,3
121,5,5,0,0,4
121,37,3,0,0,0
121,70,3,0,0,3
121,91,3,0,0,0
121,100,3,0,0,0
121,118,6,0,0,6
121,123,12,0,0,9
121,124,4,0,0,4
122,5,10,0,0,6
122,21,3,0,0,3
122,116,3,0,0,3
122,127,6,0,0,5
123,5,19,0,0,13
123,6,11,0,0,4
123,20,3,0,0,0
123,63,3,0,0,3
123,64,5,0,0,0
123,69,3,0,0,3
123,81,5,0,0,5
123,92,7,0,0,4
123,127,18,0,0,13
124,5,43,0,0,39
124,6,40,0,0,34
124,7,12,0,0,10
124,21,3,0,0,0
124,65,3,0,0,3
124,87,4,0,0,4
124,91,3,0,0,0
124,92,8,0,0,5
124,93,3,0,0,0
124,100,3,0,0,0
124,101,6,0,0,6
125,3,3,0,0,3
125,5,3,0,0,3
125,6,38,0,0,31
125,7,8,0,0,6
125,9,3,0,0,3
125,19,3,0,0,0
125,63,3,0,0,0
125,64,3,0,0,3
125,65,3,0,0,3
125,66,3,0,0,0
125,72,3,0,0,0
125,74,11,0,0,8
125,81,3,0,0,0
125,100,3,0,0,3
126,6,3,0,0,3
126,9,4,0,0,4
126,63,7,0,0,4
126,67,3,0,0,0
126,80,3,0,0,0
126,127,3,0,0,3
127,3,3,0,0,3
127,64,3,0,0,0
127,70,5,0,0,5
127,71,32,0,0,26
127,72,59,0,0,54
127,73,25,0,0,21
127,79,3,0,0,3
127,80,4,0,0,3
127,81,3,0,0,3
127,97,3,0,0,3
127,112,3,0,0,3